  24   66   59   52   29   91   21   31   64   38   54   24   47   42   67   67   22   28   37   26   50   31   46   27   50   43   60   49   50   67   63   28   28   60   94   64   47   47   24   30   20   46   59   21  139   70  113   46  150   53  284   93 1010 1010 1010 1010 1010 1010 1010 1010 1010 1010 1010 1010 1010 1010 1010 1010 1010 1010 1010 1010 1010 1010 1010 1010 1010 1010 1010 1010 1010 1010 1010 1010 1010 1010 1010 1010 1010 1010 1010 1010 1010 1010 1010 1010 1010 1010 1010 1010
  31   33   24   27   32   41   38   36   46   23   28   30   33   29   36   25   37   49   29   39   52   37   32   38   25   41   27   27   42   44   38   39   25   34   32   75   31   22   44   32   20   37   30   56   33   39   28   25   40   31   50   34   27   25   47   60   31   28   33   49   26   36   28   34   39   48   36   46   30   23   51   32   32   31   50   21   36   28   42   31   44   39   45   42   29   33   36   44   27   31   86   67   35   68   78   66   73  112  123  265
  60   25   22   64   29   29   31   35   28   43   39   33   60   42   45   39   21   85   31   52   26   60   50   26   26   76   33   49   49   29   57   33   34   29   48   55   56   35   33   82   24   31   40   29   33   24   27   40   38   34   26   43   97   55   53  172   71   71  114  138  468 1010 1010 1010 1010 1010 1010 1010 1010 1010 1010 1010 1010 1010 1010 1010 1010 1010 1010 1010 1010 1010 1010 1010 1010 1010 1010 1010 1010 1010 1010 1010 1010 1010 1010 1010 1010 1010 1010 1010
  44   34   31   44   41   34   31   36   44   30   26   53   28   38   33   37   54   27   29   51   31   26   44   41   27   31   26   43   40   37   92   61   76   34   57   47   57   43   48   21   31   21   34   60   26   48   44   43   29   40   30   39   50   30   47   22   29   59   53   66   43   21   66   67   34   86  104   67  116  105  319 1010 1010 1010 1010 1010 1010 1010 1010 1010 1010 1010 1010 1010 1010 1010 1010 1010 1010 1010 1010 1010 1010 1010 1010 1010 1010 1010 1010 1010
  44   31   49   36   56   41   27   42   29   25   34   32   54   28   40   37   31   34   32   37   26   31   33   27   21   62   39   28   39   38   50   36   47   37   26   23   25   33   35   36   37   36   46   40   31   26   26   51   45   28   81   50   38   22   48   35   27   61   22   52   39   26   45   38   44   34   56   29   41   31   33   32   32   36   57   53   36   34   41   32   51   37   31   91   70   54   23   83   89   22   92  110  202 1010 1010 1010 1010 1010 1010 1010
  33   25   44   53   47   33   29   27   46   39   41   42   40   43   25   45   47   28   42   51   40   55   43   50   40   35   31   58   62   74   64   57   49   57   51   99  100   31   41   93  139  148 1010 1010 1010 1010 1010 1010 1010 1010 1010 1010 1010 1010 1010 1010 1010 1010 1010 1010 1010 1010 1010 1010 1010 1010 1010 1010 1010 1010 1010 1010 1010 1010 1010 1010 1010 1010 1010 1010 1010 1010 1010 1010 1010 1010 1010 1010 1010 1010 1010 1010 1010 1010 1010 1010 1010 1010 1010 1010
  23   24   33   33   31   33   43   37   38   27   43   27   36   33   69   39   33   50   21   63   40   41   33   24   30   34   52   29   27   39   31   38   41   44   35   33   33   32   31   35   37   29   35   41   43   31   27   29   55   22   37   23   29   48   24   47   31   33   28   29   47   27   48   35   38   30   31   64   30   65   23   26   50   47   41   37   29   33   36   29   26   32   38   25   40   34   45   29   32   27   30   49   26   31   26   35   68   28   34   31
  43   31   28   33   30   42   44   31   49   35   42   45   65   41   43   47   54   25   42   37   35   30   64   34   40   67   48   35   42   39   85   52   28   46   63   56   27   27   81   27   33   37   41  111   40   63  172   35   34   51 1010 1010 1010 1010 1010 1010 1010 1010 1010 1010 1010 1010 1010 1010 1010 1010 1010 1010 1010 1010 1010 1010 1010 1010 1010 1010 1010 1010 1010 1010 1010 1010 1010 1010 1010 1010 1010 1010 1010 1010 1010 1010 1010 1010 1010 1010 1010 1010 1010 1010
  32   30   30   23   42   35   32   31   29   36   40   54   29   80   27   68   32   38   36   27   21   83   32   25   29   61   26   37   36   33   39   25   33   47   24   32   26   29   31   23   31   41   45   36   33   36   35   33   34   36   99   49   33   25   60   30   57   52   43   48   59   62   32   36   76   49   31   56   41   38   31   39   29   50   45   69   55   72   52  126   38 1010 1010 1010 1010 1010 1010 1010 1010 1010 1010 1010 1010 1010 1010 1010 1010 1010 1010 1010
  31   49   30   43   25   38   37   48   28   27   42   35   35   33   26   35   32   28   23   32   43   49   34   25   55   56   48   42   53   27   30   40   50   42   45   23   35   37   44   60   32   31   39   38   44   58   27   43   23   49   62   58   54   52   58   93   47   31   75   80   87  106  129 1010 1010 1010 1010 1010 1010 1010 1010 1010 1010 1010 1010 1010 1010 1010 1010 1010 1010 1010 1010 1010 1010 1010 1010 1010 1010 1010 1010 1010 1010 1010 1010 1010 1010 1010 1010 1010
  41   38   50   58   35   33   23   42   34   42   45   31   75   20   31   51   32   25   31   40   43   39   43   46   81   37   48   50   36   44   69   49   59  106   63   26   36   24   68   41  167   71   57  239 1010 1010 1010 1010 1010 1010 1010 1010 1010 1010 1010 1010 1010 1010 1010 1010 1010 1010 1010 1010 1010 1010 1010 1010 1010 1010 1010 1010 1010 1010 1010 1010 1010 1010 1010 1010 1010 1010 1010 1010 1010 1010 1010 1010 1010 1010 1010 1010 1010 1010 1010 1010 1010 1010 1010 1010
  50   33   31   26   58   32   38   32   44   54   36   26   41   31   59   39   70   41   35   37   44   65   33   80   38   34   75   59   41   30   57   55   37   88   79   66   43   45   27   31   48   23   45   54   85   84  102  259  257  267 1010 1010 1010 1010 1010 1010 1010 1010 1010 1010 1010 1010 1010 1010 1010 1010 1010 1010 1010 1010 1010 1010 1010 1010 1010 1010 1010 1010 1010 1010 1010 1010 1010 1010 1010 1010 1010 1010 1010 1010 1010 1010 1010 1010 1010 1010 1010 1010 1010 1010
  33   26   27   21   34   43   40   33   27   32   32   34   27   39   32   38   27   50   56   24   36   19   36   36   36   33   25   39   32   68   60   47   33   41   45   34   23   25   42   30   52   30   29   35   56   43   43   27   31   34   32   23   60   26   37   56   60   75   41   31   33   94   87   41   45   25   29   23   66   94   38   32   61   37   31   31  110   31  135   32  249 1010 1010 1010 1010 1010 1010 1010 1010 1010 1010 1010 1010 1010 1010 1010 1010 1010 1010 1010
  34   29   28   33   40   40   30   30   39   48   29   68   40   23   55   48   49   43   35   31   35   70   36   39   68   32   42   93   47   33   24   30   70   26   40   26   27   20   31   29   29   23   37  105   65   37   59   78   67   79   70  128  144   33  143   58 1010 1010 1010 1010 1010 1010 1010 1010 1010 1010 1010 1010 1010 1010 1010 1010 1010 1010 1010 1010 1010 1010 1010 1010 1010 1010 1010 1010 1010 1010 1010 1010 1010 1010 1010 1010 1010 1010 1010 1010 1010 1010 1010 1010
  49   46   33   56   54   38   31   38   32   34   27   44   27   49   29   42   28   32   32   34   31   29   49   31   36   41   32   24   40   34   30   51   31   39   34   27   30   51   47   35   43   31   27   34   24   42   34   51   36   49   65   47   44   33   29   34   45   23   86   74   31   35   38   50   31   35   26   48   40   51   33   31   36   37   51   24   43   53   42   59   62   33   25   51   65  103   98   99   45   61  101   75  104  143  131 1010 1010 1010 1010 1010
  30   27   41   57   23   28   27   42   57   56   74   51   48   89   35   40   41   33   67   40   32   40   53   30   23  130   35  112   26   81  113   65  142   69 1010 1010 1010 1010 1010 1010 1010 1010 1010 1010 1010 1010 1010 1010 1010 1010 1010 1010 1010 1010 1010 1010 1010 1010 1010 1010 1010 1010 1010 1010 1010 1010 1010 1010 1010 1010 1010 1010 1010 1010 1010 1010 1010 1010 1010 1010 1010 1010 1010 1010 1010 1010 1010 1010 1010 1010 1010 1010 1010 1010 1010 1010 1010 1010 1010 1010
  27   27   31   53   34   24   23   25   58   23   24   32   29   38   40   62   30   34   31   40   26   39   46   44   88   27   58   37   23   46   58   44   30   35   23   50   46   31   34   73   53   42   74   50   38   51   36   49   30   39   47   49   62   44   54   72   66   30   29   50   74   57   70  112   74 1010 1010 1010 1010 1010 1010 1010 1010 1010 1010 1010 1010 1010 1010 1010 1010 1010 1010 1010 1010 1010 1010 1010 1010 1010 1010 1010 1010 1010 1010 1010 1010 1010 1010 1010
  41   43   32   32   32   31   38   41   24   32   40   21   43   20   24   28   37   41   37   35   38   29   31   36   25   25   45   67   33   43   33   32   27   34   46   46   36   22   59   30   37   35   45   74   28   53   26   34   45   45   40   50   42   44   26   29   43   43   29   33   40   37   43   31   57   56   40   25   32   30   21   39   38   73   46   26   49   33   64   52   73   30   34   74   84   82   25  142 1010 1010 1010 1010 1010 1010 1010 1010 1010 1010 1010 1010
  27   46   36   53   63   53   55   37   42   29   59   28   32   31   30   28   29   39   30   27   30   37   28   60   68   70   44   30   34   36   58   32   52   39   52  130   42   92   57   35  127   79   34   36  125 1010 1010 1010 1010 1010 1010 1010 1010 1010 1010 1010 1010 1010 1010 1010 1010 1010 1010 1010 1010 1010 1010 1010 1010 1010 1010 1010 1010 1010 1010 1010 1010 1010 1010 1010 1010 1010 1010 1010 1010 1010 1010 1010 1010 1010 1010 1010 1010 1010 1010 1010 1010 1010 1010 1010
  49   50   33   41   24   33   31   26   40   29   29   53   40   57   35   51   75   54   41   37   34   41   39   39   32   54   66   37   35   19   31   25   46   45   36   29   45   26   31   75   28   47   38   41   41   28   41   38   31   35   60   32   51   42   51   67   50   34   58  205  217   93  211 1010 1010 1010 1010 1010 1010 1010 1010 1010 1010 1010 1010 1010 1010 1010 1010 1010 1010 1010 1010 1010 1010 1010 1010 1010 1010 1010 1010 1010 1010 1010 1010 1010 1010 1010 1010 1010
  34   40   31   33   28   24   25   43   40   39   26   32   33   39   55   37   24   33   40   31   42   49   29   29   34   28   36   34   42   33   23   37   50   36   27   29   29   25   59   52   59   37   31   58   41   37   29   23   34   40   65   60   27   29   48   34   59   30   37   55   37  101   69   31   33   28   60   58   33   26   40  256  329 1010 1010 1010 1010 1010 1010 1010 1010 1010 1010 1010 1010 1010 1010 1010 1010 1010 1010 1010 1010 1010 1010 1010 1010 1010 1010 1010
  62   37   24   28   33   48   38   25   29   35   33   40   36   25   30   39   37   40  101   27   45   52   33   20   40   30   49   36   64   35   94   43   31   44   49   44   47   43   40   25   40   38   24   33   34   41   77   32   51   32  154   49   29  245  191 1010 1010 1010 1010 1010 1010 1010 1010 1010 1010 1010 1010 1010 1010 1010 1010 1010 1010 1010 1010 1010 1010 1010 1010 1010 1010 1010 1010 1010 1010 1010 1010 1010 1010 1010 1010 1010 1010 1010 1010 1010 1010 1010 1010 1010
  37   47   27   31   39   34   55   26   38   29   27   31   32   43   36   30   21   60   28   41   38   31   25   27   24   65   33   47   51   28   25   29   38   32   34   39   31   59   36   31   32   44   39   80   31   38   49   39   61   25   39   59   42  114   68   87   59  109  212   31  106   36 1010 1010 1010 1010 1010 1010 1010 1010 1010 1010 1010 1010 1010 1010 1010 1010 1010 1010 1010 1010 1010 1010 1010 1010 1010 1010 1010 1010 1010 1010 1010 1010 1010 1010 1010 1010 1010 1010
  47   32   54   26   33   31   30   39   33   37   38   25   34   33   25   35   52   36   37   51   47   36   60   24   45   30   25   31   30   45   27   37   36   36   28   34   73   28   27   36   42   26   38   38   42   33   48   25   58   41   41   40   27   38   27   32   43   24   38   34   63   35   47   45   34   28   23   56   91   28   31   57   24   34   65   75   26   58   27   62   59   49  124 1010 1010 1010 1010 1010 1010 1010 1010 1010 1010 1010 1010 1010 1010 1010 1010 1010
  27   48   64   25   28   46   31   61   28   35   28   52   34   23   29   32   22   46   53   43   37   29   29   34   54   49   34   25   35   38   30   28   29   47   34   40   34   68   30   35   32   27   36   32   33   30   69   64   28   54   34   27   44   25   96   37   53   28   69   46   40   28   43   54   38   50   20   50   24   81   65   51   58   44  138   66   79   22   98 1010 1010 1010 1010 1010 1010 1010 1010 1010 1010 1010 1010 1010 1010 1010 1010 1010 1010 1010 1010 1010
  29   39   27   94   35   27   26   27   53   31   48   46   35   28   23   33   32   31   25   45   79   42   31   24   24   20   35   37   34   33   54   31   29   28   34   22   31   41   39   37   53   22   25   37   53   47   27   27   44   25   41   54   33   23   26   49   26   49   35   43   46   43   59   48   26   86   31   36   36   53   24   36   54   45   35   47   78   59   42   82   71  104  148   27  180 1010 1010 1010 1010 1010 1010 1010 1010 1010 1010 1010 1010 1010 1010 1010
  39   24   41   43   28   34   45   61   52   39   38   75   35   30   28   39   40   43   39   23   48   43   79   43   40   29   27   39   52   34   71   62   45   31   42   32   43   42   59   34   33   27   51   24   33   29   54   23   52  127   32   28   25   35   45   49   68   66   33   29   96   39   60   34   82   36   61   74   69  137   60 1010 1010 1010 1010 1010 1010 1010 1010 1010 1010 1010 1010 1010 1010 1010 1010 1010 1010 1010 1010 1010 1010 1010 1010 1010 1010 1010 1010 1010
  86   58   27   29   22   35   34   41   45   29   56   57   33   27   49   39   82   40   36   33   27   38   61   73   75   39   64  124   44   61   52   47   69   66   91  127  130 1010 1010 1010 1010 1010 1010 1010 1010 1010 1010 1010 1010 1010 1010 1010 1010 1010 1010 1010 1010 1010 1010 1010 1010 1010 1010 1010 1010 1010 1010 1010 1010 1010 1010 1010 1010 1010 1010 1010 1010 1010 1010 1010 1010 1010 1010 1010 1010 1010 1010 1010 1010 1010 1010 1010 1010 1010 1010 1010 1010 1010 1010 1010
  36   32   39   24   41   69   44   23   55   48   38   26   32   51   30   33   36   32   31   43   46   35   40   31   26   34   38   26   43   30   36   29   28   35   35   39   27   30   28   36   26   60   36   30   40   49   33   35   35   45   38   42   39   29   24   44   35   26   30   39   30   33   32   35   45   52   37   33   32   45   49   61   37   21   28   28   45   48   32   36   40   55   34   38   34   28   49   24   36   25   35   47   30   28   40   64   34   64   35   60
  37   37   39   24   44   36   35   30   29   46   43   44   41   38   25   26   39   41   32   36   29   72   28   37   67   42   45   25   34   63   48   32   29   31   51   43   32   82   52   39   49   71   29   44   47   35   28   49   58   38   27   52   23   44   61   78   77  100  299 1010 1010 1010 1010 1010 1010 1010 1010 1010 1010 1010 1010 1010 1010 1010 1010 1010 1010 1010 1010 1010 1010 1010 1010 1010 1010 1010 1010 1010 1010 1010 1010 1010 1010 1010 1010 1010 1010 1010 1010 1010
  32   26   46   29   34   25   35   48   26   50   40   23   75   43   52   30   32   44   34   50   59   44   52   49   36   24   38   62   35   49   54   34   27   40   48   40   20   26   37   76   42  118   63   37   34   27   54   26   41   46   37   91   38   49  173   52   41   28  110  108 1010 1010 1010 1010 1010 1010 1010 1010 1010 1010 1010 1010 1010 1010 1010 1010 1010 1010 1010 1010 1010 1010 1010 1010 1010 1010 1010 1010 1010 1010 1010 1010 1010 1010 1010 1010 1010 1010 1010 1010
  38   49   24   44   39   39   75   31   48   24   27   32   46   33   27   63   30   25   30   33   57   44   30   39   32   48   34   27   29   35   26   22   39   35   31   32   44   33   59   29   52   32   28   30   54   71   38   36   24   28   31   43   24   31   43   23   34   48   49   55   41   37   40  108   25   52   32   22   34   47   38   27   28   28   33  160  885 1010 1010 1010 1010 1010 1010 1010 1010 1010 1010 1010 1010 1010 1010 1010 1010 1010 1010 1010 1010 1010 1010 1010
  25   49   48   39   37   30   37   22   36   34   30   22   54   42   41   35   41   24   47   31   27   57   35   43   25   37   29   35   43   30   46   44   25   31   61   29   58   26   32   52   38   40   47   37   43   55   32   29   28   39   72   36   71   43   56   61   46   73  125  135   66  190   63 1010 1010 1010 1010 1010 1010 1010 1010 1010 1010 1010 1010 1010 1010 1010 1010 1010 1010 1010 1010 1010 1010 1010 1010 1010 1010 1010 1010 1010 1010 1010 1010 1010 1010 1010 1010 1010
  38   20   43   51   33   68   39   30   65   39   30   36   40   49   41   39   32   44   27   58   28   48   33   60   20   29   51   48   26   27   35   35   35   60   64   44   32   43   35   30   36   38   70   58   39   76   56   57   85   33   46   75   94   85   58  143  105 1010 1010 1010 1010 1010 1010 1010 1010 1010 1010 1010 1010 1010 1010 1010 1010 1010 1010 1010 1010 1010 1010 1010 1010 1010 1010 1010 1010 1010 1010 1010 1010 1010 1010 1010 1010 1010 1010 1010 1010 1010 1010 1010
  38   62   44   30   39   60   26   40   49   27   60   26   46   22   29   42   23   33   35   39   43   42   34   27   43   42   39   35   57   49   23   21   33   29   59   35   38   26   31   37   35   26   37   27   25   54   30   35   40   32   52   29   30   55   30   38   43   36   32   31   34   22   69   25   36   58   29   43   42   41   44   28   34   34   40   33   38   49   43   24   40   44   76   32   28   48   60   58   30   30   25   51   54   32   31   37   56   56   63   57
  30   45   24   26   28   80   46   54   31   33   30   27   30   41   31   30   28   28   54   50   37   37   32   23   32   26   28   51   45   22   32   35   62   32   32   33   44   36   32   31   38   45   34   27   42   36   26   37   65   59   42   53   24   26   28   34   40   39   34   33   25   41   27   71   26   84   22   23   32   38   23   25   30   37   25   42   35   43   36   56   40   38   28  101   62   28   37   32   40   35   41   30   32   35   37   46   37   31   65   55
  41   50   37   76   29   34   33   28   31   32   29   38   35   37   54   35   37   60   29   33   31   46   23   35   29   34   43   60   24   22   27   33   28   32   24   28   36   41   22   26   42   31   27   34   28   29   25   33   29   51   37   35   25   52   37   28   33   22   37   45   27   47   33   32   37   28   21   21   29   45   26   32   38   27   49   30   38   41   31   32   39   33   34   33   28   35   37   24   35   46   29   32   32   31   34   42   41   32   65   28
  47   38   44   45   40   21   38   89   73   47   38   42   41   81   26   46   43   43   32   37   31   42   79   31   98   47   25   64  232   36   50  442 1010 1010 1010 1010 1010 1010 1010 1010 1010 1010 1010 1010 1010 1010 1010 1010 1010 1010 1010 1010 1010 1010 1010 1010 1010 1010 1010 1010 1010 1010 1010 1010 1010 1010 1010 1010 1010 1010 1010 1010 1010 1010 1010 1010 1010 1010 1010 1010 1010 1010 1010 1010 1010 1010 1010 1010 1010 1010 1010 1010 1010 1010 1010 1010 1010 1010 1010 1010
  26   45   46   75   33   48   35   41   74   55   36   78   29   41   51   27   50   47   29   30   36   33   24   29   40   49   38   31   43   27   32   27   50   51   25   40   36   30   45   28   29   43   24   34   34   68   33   58   66   73   40   33   44   33   54   60  204   28   24   23   38   48   35   57   88  112   43  129  171  407  276 1010 1010 1010 1010 1010 1010 1010 1010 1010 1010 1010 1010 1010 1010 1010 1010 1010 1010 1010 1010 1010 1010 1010 1010 1010 1010 1010 1010 1010
  29   57   39   36   23   35   31   72   41   26   22   26   28   42   62   24   32   30   29   32   34   52   52   25   34   26   31   65   27   29   28   33   41   34   47   25   29   35   27   24   36   35   28   29   29   23   38   40   64   79   52   59   75   25   27   36   45   31   38   48   45   28   65  105   53   29   75   85   37  113   99  303 1010 1010 1010 1010 1010 1010 1010 1010 1010 1010 1010 1010 1010 1010 1010 1010 1010 1010 1010 1010 1010 1010 1010 1010 1010 1010 1010 1010
  24   28   30   48   48   32   49   30   30   67   35   39   42   54   29   26   29   37   46   27   44   41   56   68   24   30   37   37   32   43   39   61   35   47   27   27   41   31   36   36   39   24   27   22   30   50   41   36   39   34   29   28   44   28   26   83   53   36   61   34   44   27   36   24   54   55   33   47   54   42   42   52   46   73   41  101   46   44   70   82   97   67   89   53  124 1010 1010 1010 1010 1010 1010 1010 1010 1010 1010 1010 1010 1010 1010 1010
  29   35   31   36   55   35   33   59   71   57   53   32   33   31   36   67   61   32   27   31  121   22  106  107   49   45   41   46   87   55  125   47  118  116  100 1010 1010 1010 1010 1010 1010 1010 1010 1010 1010 1010 1010 1010 1010 1010 1010 1010 1010 1010 1010 1010 1010 1010 1010 1010 1010 1010 1010 1010 1010 1010 1010 1010 1010 1010 1010 1010 1010 1010 1010 1010 1010 1010 1010 1010 1010 1010 1010 1010 1010 1010 1010 1010 1010 1010 1010 1010 1010 1010 1010 1010 1010 1010 1010 1010
  42   48   46   31   43   60   50   53   53   45   26   25   57   26   24   35   22   39   31   28   41   28   37   37   27   56   80   44   31   27   50   39   27   26   52   73   30   42   46   83   34   60   33   38  130   49   58   30   47  182  318 1010 1010 1010 1010 1010 1010 1010 1010 1010 1010 1010 1010 1010 1010 1010 1010 1010 1010 1010 1010 1010 1010 1010 1010 1010 1010 1010 1010 1010 1010 1010 1010 1010 1010 1010 1010 1010 1010 1010 1010 1010 1010 1010 1010 1010 1010 1010 1010 1010
  79   38   27   35   27   65   35   43   76   45   33   45   28   26   35   33   36   30   29   33   64   30   44   34   29   38   36   44   33   50   35   29   46   28   24   67   36   36   40   46   31   51   31   51   39   25   28   35   57   33   34   44   26   41   32   68   47   35   27   33   27   59   56   68   45   53   35   55   28   23   48   31  102   26   60   26   35   44  113   21  104   95  223 1010 1010 1010 1010 1010 1010 1010 1010 1010 1010 1010 1010 1010 1010 1010 1010 1010
  33   35   58   25   29   44   57   40   26   34   23   38   28   21   36   60   37   49   28   39   38   32   39   87   85   34   41   31   44   52   32   34   32   40   47   28   36   28   25   27   34   29   30   54   99   34   38   39   91   77   46   23   65   36   74   54   55   24   45   74   61   97  193   51   58   93 1010 1010 1010 1010 1010 1010 1010 1010 1010 1010 1010 1010 1010 1010 1010 1010 1010 1010 1010 1010 1010 1010 1010 1010 1010 1010 1010 1010 1010 1010 1010 1010 1010 1010
  34   51   28   37   67   42   50   23   22   33   25   29   36   38   44   26   50   56   56   67   33   33   37   32   30   25   50   45   50   50   37   37   40   30   51   44   38   23   31   40   38   44   52   36   37   32   48   39   38   65   27   54   36   81   50   34   67   33   52   57   25   77   86   97  135  161 1010 1010 1010 1010 1010 1010 1010 1010 1010 1010 1010 1010 1010 1010 1010 1010 1010 1010 1010 1010 1010 1010 1010 1010 1010 1010 1010 1010 1010 1010 1010 1010 1010 1010
  24   21   52   34   31   51   39   28   46   46   30   32   34   29   25   64   27   33   34   40   40   46   37   23   28   32   37   50   35   25   35   26   28   59   37   28   57   35   42   28   30   32   38   28   48   30   37   28   49   44   45   29   50   20   26   29   46   89   28   37   34   34   39   33   61   26   31   44   31   49   38   40   37   80   33   30   29   31   32   39   58   91   26   44   40   43   53   67   41   27   79   47   97   66   33   61  103   39  147 1010
  24   44   29   49  135   45   53   30   33   47   33   32   71   32   27   28   30   58   30   39   31   35   34  100   42   65   30   24   35   60   32   38   38   70   29   57   30   43   35   52   32   52   64   44   46   41   91   40   47   21   98   53   66   42   53   34   39  135   21  115   60  403 1010 1010 1010 1010 1010 1010 1010 1010 1010 1010 1010 1010 1010 1010 1010 1010 1010 1010 1010 1010 1010 1010 1010 1010 1010 1010 1010 1010 1010 1010 1010 1010 1010 1010 1010 1010 1010 1010
  28   61   33   36   34   57   35   26   54   45   68   31   35   38   29   39   58   26   27   27   32   22   51   39   25   24   31   41   58   61   34   45   34   46   28   55   30   38   25   25   33   46   63   32  143   58   78   45  107   40   53   53  100   93   58   95   91   54   68  132 1010 1010 1010 1010 1010 1010 1010 1010 1010 1010 1010 1010 1010 1010 1010 1010 1010 1010 1010 1010 1010 1010 1010 1010 1010 1010 1010 1010 1010 1010 1010 1010 1010 1010 1010 1010 1010 1010 1010 1010
  31   33   63   32   27   39   52   36   50   52   36   59   35   46   29   28   37   29   40   32   26   35   32   42   19   40   29   23   24   49   58   31   37   26   31   31   26   40   53   51   45   65   20   51   26   27   60   32   30   72   66   44   45   38   32   41   40   41   63   38   22   46   54   57   29   27   47   34   68   57   91   34   48   84  122   72   58  119 1010 1010 1010 1010 1010 1010 1010 1010 1010 1010 1010 1010 1010 1010 1010 1010 1010 1010 1010 1010 1010 1010
  34   36   32   36   27   27   34   37   37   25   30   35   41   29   23   36   44   30   28   42   78   30   31   43   41   29   29   38   40   56   58   25   34   32   38   35   31   28   39   53   39   40   30   30   39   24   32   40   38   26   27   23   38   57   70   26   35   71   55   41   37   26   29   33   25   28   43   41   34   29   56   36   27   43   32   46   29   38   35   49   41   34   38   25   29   38   52   38   56   30   35   26   43   61   36   29   34   37   35   59
  59   61   58   41   28   44   41   40   32   26   38   41   30   25   30   25   52   38   27   31   27   21   28   58   40   24   54   52   50   42   27   25   40   34   78   53   42   24   70   64   44   61   42   67   61   60   42   99   39   40  123   72   29   98   99  151  114 1010 1010 1010 1010 1010 1010 1010 1010 1010 1010 1010 1010 1010 1010 1010 1010 1010 1010 1010 1010 1010 1010 1010 1010 1010 1010 1010 1010 1010 1010 1010 1010 1010 1010 1010 1010 1010 1010 1010 1010 1010 1010 1010
  73   39   34   36   47   26   99   40   31   57   25   27   31   37   67   27   63   39   46   42   30   21   25   40   47   44   32   47   34   29   88   59   22   67   63   48   89   34  125   82   46   80   44   48   30 1010 1010 1010 1010 1010 1010 1010 1010 1010 1010 1010 1010 1010 1010 1010 1010 1010 1010 1010 1010 1010 1010 1010 1010 1010 1010 1010 1010 1010 1010 1010 1010 1010 1010 1010 1010 1010 1010 1010 1010 1010 1010 1010 1010 1010 1010 1010 1010 1010 1010 1010 1010 1010 1010 1010
  30   34   33   34   35   30   28   25   26   33   30   25   42   33   38   31   26   36   46   41   26   31   32   33   39   52   34   24   31   21   29   46   40   31   32   31   35   40   29   34   35   45   31   36   24   46   37   30   40   29   30   23   28   35   34   43   33   34   64   55   41   29   45   24   34   35   45   29   67   69   37   53   61   51   27   40   46   47   40   41   34   25   56   24   58   38   60   49   30   49   59   86   39  144  140  124  131   87 1010 1010
  49   71   41   55   28   35   47   32   43   52   35   32   27   55   32   24   47   23   65   43   53   28   36   38   34   47   42   27   37   32   44   38   53   40   82   52   48   32   49   56   45   42   42   55   40   36   36   39   79   27   28   55   33   34   43   91   42   53   33   51   40   62   40   29   32   72   46   56   36   36   71   30   71  138   93  193 1010 1010 1010 1010 1010 1010 1010 1010 1010 1010 1010 1010 1010 1010 1010 1010 1010 1010 1010 1010 1010 1010 1010 1010
  47   24   27   24   25   47   30   31   46   24   44   25   30   41   30   41   30   24   25   56   33   30   29   26   24   54   24   28   31   27   33   32   38   33   28   42   53   29   24   27   30   31   22   39   35   32   34   49   39   31   23   30   37   34   28   26   26   22   35   32   29   38   25   40   30   41   38   53   28   29   30   43   21   29   32   29   45   42   40   26   39   29   49   29   31   69   53   51   36   27   32   44   37   32   27   58   48   47   43   53
  29   32   67   35   38   26   38   38   35   25   51   36   37   31   25   27   27   27   30   41   42   57   41   29   40   50   35   26   55   20   27   34   30   35   48   51   30   40   44   28   51   55   48   76   98   38   40   94   29   44   29   39   27   34   63   45   32   43   55   56   59   63   42   70   43   42   43  114  118 1010 1010 1010 1010 1010 1010 1010 1010 1010 1010 1010 1010 1010 1010 1010 1010 1010 1010 1010 1010 1010 1010 1010 1010 1010 1010 1010 1010 1010 1010 1010
  76   49   50   28   40   38   56   48   44   23   37   52   45   36   26   37   39   45   35   65   34   54   33   67   47   76   24   28   36   27   27   90   90   29   67   35   29   42  113   47   45   53   32   43  101   66   46   83  162  167 1010 1010 1010 1010 1010 1010 1010 1010 1010 1010 1010 1010 1010 1010 1010 1010 1010 1010 1010 1010 1010 1010 1010 1010 1010 1010 1010 1010 1010 1010 1010 1010 1010 1010 1010 1010 1010 1010 1010 1010 1010 1010 1010 1010 1010 1010 1010 1010 1010 1010
  61   35   28   22   36   31   35   37   32   30   29   27   37   43   31   49   30   26   32   43   28   61   37   38   46   54   38   53   29   42   26   54   56   73   32   44   31   34   33   42   47   28   55   43   37   25   33   37   40   30   28   36  160   30   36   49   94   29  220   33   48  161  558 1010 1010 1010 1010 1010 1010 1010 1010 1010 1010 1010 1010 1010 1010 1010 1010 1010 1010 1010 1010 1010 1010 1010 1010 1010 1010 1010 1010 1010 1010 1010 1010 1010 1010 1010 1010 1010
  27   25   29   40   35   60   47  102   61   46   50   45   70   55   25   34   35   28   33   27   39   58   32   47   40   55   49   27   78   43   38   33   40   49   48   23   33   77   72   26   39   45   30   37   34   66   30   92   20   76   46   47   52   68  178   87   94   58   85 1010 1010 1010 1010 1010 1010 1010 1010 1010 1010 1010 1010 1010 1010 1010 1010 1010 1010 1010 1010 1010 1010 1010 1010 1010 1010 1010 1010 1010 1010 1010 1010 1010 1010 1010 1010 1010 1010 1010 1010 1010
  31   28   40   31   30   44   40   27   36   41   33   27   21   64   27   40   28   39   48   39   25   23   30   60   29   27   39   29   31   24   31   29   41   41   33   30   30   24   24   32   34   32   43   42   30   25   28   41   24   31   38   44   40   38   36   28   23   30   40   34   32   38   25   39   41   53   28   54   41   49   60   46   38   34   38   61   54   51   68   62   79   98  148  142   80 1010 1010 1010 1010 1010 1010 1010 1010 1010 1010 1010 1010 1010 1010 1010
  82   83   41   32   42   44   33   33   42   30   27   63   28   41   40   31   45   33   26   65   37   49   59   28   30   35   55   48   53   43   44   31   37   85   31   50   42   27   32   34   30   68   43   27   28   64   42   45   43   25   28   63   62   99   75   52   33  163 1010 1010 1010 1010 1010 1010 1010 1010 1010 1010 1010 1010 1010 1010 1010 1010 1010 1010 1010 1010 1010 1010 1010 1010 1010 1010 1010 1010 1010 1010 1010 1010 1010 1010 1010 1010 1010 1010 1010 1010 1010 1010
  41   42   30   36   62   61   40   30   35   45   36   44   24   28   53   32   48   34   40   24   26   39   22   41   31   33   23   26   43   41   32   35   38   30   51   32   54   23   58   30   25   34   39   29   47   41   27   43   40   27   48   42   50   48   26   43   26   54   30   48   53   37   33   30   38   34   33   63   60   35   37   68   33   52   38   21  102   40   87   31   37  177   58  156  515 1010 1010 1010 1010 1010 1010 1010 1010 1010 1010 1010 1010 1010 1010 1010
  35   44   21   28   28   29   28   25   39   34   45   24   35   46   33   26   39   57   35   31   45   47   35   33   30   64   30   42   52   43   30   32   37   68   29   30   39   39   41   28   36   42   32   38   30   41   34   53   52   45   27   86   31   54   70   33   51   52   34   47   70   86   43   54   26   28   26   50   49   25   84   32   23   27   42   41   81   72   24   49  196   44 1010 1010 1010 1010 1010 1010 1010 1010 1010 1010 1010 1010 1010 1010 1010 1010 1010 1010
  39   36   46   25   25   36   40   28   49   38   40   25   23   34   38   43   22   48   32   26   63   21   25   22   55   34   42   32   34   34   30   34   29   33   22   41   54   26   36   30   34   43   54   40   30   32   22   43   28   30   45   32   33   23   27   24   32   48   49   26   34   35   36   22   35   47   32   27   39   31   34   31   41   28   34   25   28   24   37   46   25   29   42   37   36   46   30   41   42   31   36   33   43   40   33   28   32   27   39   31
  34   52   45   32   22   33   50   34   41   60   42   27   55   29   41   37   26   38   39   80   37   41   63   29   80   20   51   31   32   94   35   50   26   28   23   59   46   50   67   97   41   68  137   43  145  629 1010 1010 1010 1010 1010 1010 1010 1010 1010 1010 1010 1010 1010 1010 1010 1010 1010 1010 1010 1010 1010 1010 1010 1010 1010 1010 1010 1010 1010 1010 1010 1010 1010 1010 1010 1010 1010 1010 1010 1010 1010 1010 1010 1010 1010 1010 1010 1010 1010 1010 1010 1010 1010 1010
  25   41   35   27   59   30   31   29   22   40   35   34   34   59   26   26   62   38   40   26   55   29   28   34   42   34   45   36   68   23   49   26   48   48   41   40   37   31   26   30   28   24   34   26  114   26   34   44   27   26   32   28   46   38   31   40   26   36   31   41   25   41   24   54   56   29   37   32   27   37   33   32   33   39   25   35   54   42   53   22   24   52   45   40   44   54   46   29   67   57   76   82   32   93   99  104   66  231 1010 1010
  34   27   29   40   29   30   29   42   42   35   36   27   35   29   55   25   25   33   31   39   43   33   37   40   38   32   47   56   23   33   38   23   38   23   28   35   27   26   32   23   44   25   23   31   31   57   60   36   26   77   42   29   27   35   45   38   40   28   47   27   30   30   23   46   45   30   33   44   25   47   24   50   25   77   48   35   40   56   33   30   31   29   40   59   54   67   61   76   25   62   30   43   56  112  360 1010 1010 1010 1010 1010
  29   33   29   20   34   47   30   60   22   58   33   38   26   32   20   56   39   56   52   32   30   27   28   45   26   35   39   32   31   45   28   27   27   41   33   26   21   43   26   26   55   54   40   38   53   26   48   30   34   33   34   41   35   30   41   38   29   35   34   38   39   47   37   58   38   35   40   24   44   30   31   26   38   30   65   29   37   34   32   41   56   51   34   32   26   37   37   39   56   55   39   55   90   41   70   78   72   83   60   85
  42   34   28   40   26   71   48   81   68   42   75   71   48   42   28   28   36  116   50   29   25  104   40   26  116   71   64  112  240 1010 1010 1010 1010 1010 1010 1010 1010 1010 1010 1010 1010 1010 1010 1010 1010 1010 1010 1010 1010 1010 1010 1010 1010 1010 1010 1010 1010 1010 1010 1010 1010 1010 1010 1010 1010 1010 1010 1010 1010 1010 1010 1010 1010 1010 1010 1010 1010 1010 1010 1010 1010 1010 1010 1010 1010 1010 1010 1010 1010 1010 1010 1010 1010 1010 1010 1010 1010 1010 1010 1010
  22   53   39   34   26   33   53   30   35   46   28   34   43   32   48   30   25   35   45   30   45   29   28   48   44   32   38   24   29   38   42   33   28   40   41   42   39   48   41   38   30   54   32   46   30   27   48   35   25   56   33   24   41   28   29   31   32   42   68   29   29   59   36   42   26   32   36   61   33   47   65   32   57   32   39   28   60   41   42   36   35   49   57   36   37   47   45   43   35   35   29   41   35   30   32   44   49   33   54   46
  31   71   79   45   27   77   55   32   41   50   28   32   41   34   40   28   27   44   61   59   32   68   34   31   70   32   68   49   49  104   50   27   54   37   32   31   32   54   30   60   31  102   77 1010 1010 1010 1010 1010 1010 1010 1010 1010 1010 1010 1010 1010 1010 1010 1010 1010 1010 1010 1010 1010 1010 1010 1010 1010 1010 1010 1010 1010 1010 1010 1010 1010 1010 1010 1010 1010 1010 1010 1010 1010 1010 1010 1010 1010 1010 1010 1010 1010 1010 1010 1010 1010 1010 1010 1010 1010
  40   27   39   28   43   33   46   26   23   34   39   45   21   37   29   36   42   40   23   35   37   60   26   41   37   27   35   49   40   41   56   23   43   26   48   60   38   39   45   37   42   59   32   30   39   42   21   47   72   60   29   31   36   59   28   46   39   33   34   57   44   64   28   27   32   40   51   34   86   37   52   79   46   51   24   39   35   45   27   21  112   46   74   67   77  113 1010 1010 1010 1010 1010 1010 1010 1010 1010 1010 1010 1010 1010 1010
  27   52   51   61   27   33   33   33   50   46   50   38   35   41   28   36   43   95   48   32   51   29   38   52   35   96   46   29   46   28   45   56   28   25   23   34   31   23   30   54   31   33   51   83   39  111   40   32   54   88   92   74   73  315   63   37 1010 1010 1010 1010 1010 1010 1010 1010 1010 1010 1010 1010 1010 1010 1010 1010 1010 1010 1010 1010 1010 1010 1010 1010 1010 1010 1010 1010 1010 1010 1010 1010 1010 1010 1010 1010 1010 1010 1010 1010 1010 1010 1010 1010
  39   42   33   24   31   28   22   36   59   33   35   27   24   68   35   26   35   39   38   54   31   30   27   27   25   34   77   26   37   24   31   51   34   26   34   36   37   28   46   49   33   40   53   28   30   50   32   29   21   37   48   33   43   45   29   37   25   35   29   48   36   49   61   60   52   29   28   36   42   42   35   28   34   45   35   41   28   31   31   40   49   34   37   44   24   47   51   45   42   49   57   46   35   25   36   50   40   79   49   46
  30   24   40   28   56   49   29   34   30   32   45   36   37   42   28   68   48   27   43   53   27   44   35   35   50   35   35   86   42   42   35   29  126   45   82   54  132   46  110   80  369   45 1010 1010 1010 1010 1010 1010 1010 1010 1010 1010 1010 1010 1010 1010 1010 1010 1010 1010 1010 1010 1010 1010 1010 1010 1010 1010 1010 1010 1010 1010 1010 1010 1010 1010 1010 1010 1010 1010 1010 1010 1010 1010 1010 1010 1010 1010 1010 1010 1010 1010 1010 1010 1010 1010 1010 1010 1010 1010
  27   32   41   31   35   24   36   26   23   31   28   23   26   33   40   29   27   36   29   35   32   56   32   30   37   57   27   44   39   32   42   29   36   26   29   27   35   41   26   28   26   34   30   26   24   24   27   31   24   41   35   42   44   25   41   25   46   23   24   30   30   34   54   34   56   38   28   25   32   36   50   26   31   37   31   31   38   25   24   38   44   31   34   43   42   34   37   35   48   32   32   27   40   35   37   57   33   41   32   45
  31   70   28   31   26   22   37   27   30   40   36   39   29   41   27   26   28   32   34   36   49   39   35   37   27   50   36   36   37   22   29   39   28   46   40   43   44   40   33   39   27   24   27   31   22   35   34   35   43   30   31   45   26   35   36   31   25   31   35   33   31   32   32   30   45   34   25   36   28   34   37   27   27   32   32   29   34   34   24   37   57   33   31   23   31   35   34   46   39   34   44   46   42   45   45   39   33   23   49   50
  50   43   26   27   36   40   44   69   25   38   35   38   35   34   33   52   55   26   30   73   65   33   54   30   27   28   44   36   54   56   48   52   26   37   24   25   75   63   91   65   41   32   71   67  146  120   41  309 1010 1010 1010 1010 1010 1010 1010 1010 1010 1010 1010 1010 1010 1010 1010 1010 1010 1010 1010 1010 1010 1010 1010 1010 1010 1010 1010 1010 1010 1010 1010 1010 1010 1010 1010 1010 1010 1010 1010 1010 1010 1010 1010 1010 1010 1010 1010 1010 1010 1010 1010 1010
  26   39   56   57   39   24   40   53   26   41   28   36   72   37   32   63   47   37   26   47   36   20   47   62   77   21   49   42   46   42   34   40   45   31   40   51   54   37   33   53   45   54   66   64   33  101  114   53  107  100   51 1010 1010 1010 1010 1010 1010 1010 1010 1010 1010 1010 1010 1010 1010 1010 1010 1010 1010 1010 1010 1010 1010 1010 1010 1010 1010 1010 1010 1010 1010 1010 1010 1010 1010 1010 1010 1010 1010 1010 1010 1010 1010 1010 1010 1010 1010 1010 1010 1010
  34   31   71   54   33   42   51   30   39   38   44   26   34   33   37   32   37   45   32   34   38   39   33   30   89   24   30   36   34   53   37   33   20   51   37   27   27   60   35   31   45   39   28   43   35   95   51   28   37   36   28   45   75  109   62   25   46   34   27   89   34   76   38   48   58   69   98  113   38  121  165 1010 1010 1010 1010 1010 1010 1010 1010 1010 1010 1010 1010 1010 1010 1010 1010 1010 1010 1010 1010 1010 1010 1010 1010 1010 1010 1010 1010 1010
  39   25   50   32   37   32   46   25   27   64   24   31   30   25   55   37   36   53   50   52   37   25   43   29   33   38   55   32   25   53   44   28   45   25   33   32   27   27   60   29   34   31   44   28   34   53   50   45   35   40   38   29   40   37   34   42   37   47   24   38   31   21   36   30   53   67   24   79   26   25   52   84   41   41   57  119   63  101   74   60   57   34   32   64   25  412 1010 1010 1010 1010 1010 1010 1010 1010 1010 1010 1010 1010 1010 1010
  27   24   32   19   27   34   61   31   29   60   42   34   28   28   38   42   24   28   44   34   40   30   40   31   30   34   37   22   26   26   28   32   32   32   28   28   30   31   33   38   38   30   42   35   33   41   42   53   50   35   31   31   52   50   41   47   34   28   38   40   59   30   38   53   27   35   31   39   34   28   29   29   31   28   30   33   31   34   28   69   52   43   30   35   40   37   30   39   27   45   41   26   61   31   31   57   36   35   24   37
  26   59   54   39   25   38   47   47   40   37   38   34   22   44   46   37   81   39   27   68   33   33   47   50   28   29   55   30   37   26   48   53   29   30   54   27   84   58   32   50   77   53   34   96   90  151  170 1010 1010 1010 1010 1010 1010 1010 1010 1010 1010 1010 1010 1010 1010 1010 1010 1010 1010 1010 1010 1010 1010 1010 1010 1010 1010 1010 1010 1010 1010 1010 1010 1010 1010 1010 1010 1010 1010 1010 1010 1010 1010 1010 1010 1010 1010 1010 1010 1010 1010 1010 1010 1010
  93   59   48   27   38   30   30   24   61   25   36   31   60   46   43   36   28   30   35   30   43   53   56   23   45   26   31   26   22   32   48   27   32   24   39   23   35   67   73   36   58   81   49   87   63   36  100   55   32   34  109   35   83   46   41   24   27  208   45  143   32  314  321 1010 1010 1010 1010 1010 1010 1010 1010 1010 1010 1010 1010 1010 1010 1010 1010 1010 1010 1010 1010 1010 1010 1010 1010 1010 1010 1010 1010 1010 1010 1010 1010 1010 1010 1010 1010 1010
  32   31   45   34   43   29   36   40   29   45   49   27   77   41   28   25   27   24   35   60   25   49   38   29   55   29   32   26   38   27   37   25   35   28   53   26   29   44   35   24   68   59   44   37   30   26   40   30   38   49   56   27   28   38   27   31   34   32   52   35   29   30   43   22   74   53   38   30   56   49   34   54   44   49   41   40   42   51   49   37   88   99   31  105   29   31   38   83 1010 1010 1010 1010 1010 1010 1010 1010 1010 1010 1010 1010
  46   35   29   31   25   26   27   29   73   54   33   29   28   26   39   97   27   48   39   37   24   94   24   28   73   55   37   30   34   29   33   36   45   33   28   42   36   32   35   25   58   28   23   32   33   31   24   21   35   48   49   65   48   40   33   54   27   32   46   40   29   50   89   61   41   59  101  111   72  271 1010 1010 1010 1010 1010 1010 1010 1010 1010 1010 1010 1010 1010 1010 1010 1010 1010 1010 1010 1010 1010 1010 1010 1010 1010 1010 1010 1010 1010 1010
  69   23   27   40   60   26   31   52   28   41   27   42   35   30   31   25   35   30   34   21   30   42   30   20   35   23   40   48   22   27   29   39   36   41   27   22   35   24   25   41   36   43   28   34   52   24   31   29   34   31   30   24   49   35   43   34   31   22   31   28   39   41   27   36   42   29   35   51   33   26   32   36   43   56   42   26   47   28   37   67   35   29   25   25   28   57   39   47   33   30   70   23   91   29   36   51  113   30   48   33
  23   32   43   33   39   56   24   42  120   57   59   33   42   35   23   31   38   26   33   55   25   29   23   35   36   30   38   39   31   27   26   47   37   31   25   69   28   42   50   40   39   28   39   38   47   33   51   31   44   33   35   24   23   48   28   26   45   28   35   36   27   27   29   26   35   69   47   27   26   43   33   41   50   25   53   31   29   52   48   25   37   25   43   43   25   51   30   24   42   24   36   66   54   39   27   41   28   42   39   30
  28   32   29   25   27   43   45   21   22   25   38   60   30   59   37   31   47   36   87   27   22   28   39   33   33   40   23   45   26   34   31   29   26   26   29   33   29   29   30   38   43   33   42   43   42   34   48   43   38   33   43   20   24   39   42   35   27   39   34   37   35   43   48   26   34   33   22   39   33   40   34   39   23   24   25   33   48   25   30   27   47   25   37   52   51   25   62   50   97   31   28   44   31   31   53   26   38   34   45   26
  36   34   30   37   50   24   29   36   55   29   47   42   38   29   38   32   36   50   52   37   38   30   36   34   29   42   29   68   34   58   24   28   26   27   40   55   30   32   45   41   45   29   52   24   38   52   25   31   31   24   26   47   25   24   37   28   23   35   28   33   29   89   34   44   31   40   37   43   34   33   89   47  114   34   39   34  131   37   56   28  169   42 1010 1010 1010 1010 1010 1010 1010 1010 1010 1010 1010 1010 1010 1010 1010 1010 1010 1010
  30   22   29   23   29   28   34   25   44   30   32   55   22   53   33   29   28   42   25   39   37   26   63   59   28   34   29   38   34   34   30   33   43   33   50   32   41   37   21   50   55   35   38   37   29   24   36   39   26   40   24   39   29   25   28   43   43   50   29   29   40   40   44   50   23   28   41   48   23   35   58   57   37   61   79   69   63   44   91   72  101   89   73  110   98 1010 1010 1010 1010 1010 1010 1010 1010 1010 1010 1010 1010 1010 1010 1010
  41   38   35   30   42   43   28   30   56   39   36   35   34   27   52   28   33   39   38   43   27   40   34   38   47   33   20   23   50   29   58   42   38   42   25   28   29   25   37   32   51   40   34   83   45   47   23   25   96   33   45   32   25   34   39   33   34   29   49   34   49   27   38   26   28   50   64   54   51   33   28   40   25   60   26   38   31   58   32   41   46   38   42   26   50   44   62   64   72   33   49  112  145  230 1010 1010 1010 1010 1010 1010
  72   33   43   40   26   81   45   26   39   51   34   57   37   65   42   26   53   59   43   28   39   26   40   31   46   35   23   33   37   30   37   77   33   39   34   45   47   46   30   28   25   51   30   32   27   39   92   60   42   72   60   53   50   59   82   34   73   64   57   55   51  104  164   98  106 1010 1010 1010 1010 1010 1010 1010 1010 1010 1010 1010 1010 1010 1010 1010 1010 1010 1010 1010 1010 1010 1010 1010 1010 1010 1010 1010 1010 1010 1010 1010 1010 1010 1010 1010
  33   30   38   41   33   29   33   25   29   49   69   30   41   26   46   23   25   31   37   78   37   63   38   66   27   42   43   28   36   50   36   34   56   35   26   31   28   46   34   36   53   48   40   39   58   24   50   24   26   67   39   36   38   27   53   78   38   50   41   32   29   82   46   45   24   73   28  138   48   28   69  650 1010 1010 1010 1010 1010 1010 1010 1010 1010 1010 1010 1010 1010 1010 1010 1010 1010 1010 1010 1010 1010 1010 1010 1010 1010 1010 1010 1010
  50   32   65   51   37   34   45   30   25   49   36   31   34   50   36   27   25   38   32   40   26   44   72   31   55   27   38   28   45   26   41   28   32   40   24   40   36   54   38   37   23   45   30   40   70   51   34   26   31   34   50   55   22   31   38   39   37   31   30   38   48  115   26   43   28   76   30   38   63   41   30   26   71   33   70   51   48   86   63   32   31   35   30   43   54   43   31   68   70   37   48   33   66  101 1010 1010 1010 1010 1010 1010
  45   58   38   21   37   29   66   36   63   33   35   28   34   31   78   54   49   30   32   32   39   33   37   29   40   41   27   39   36   27   28   30   43   43   42   38   37   64   25   46   39   43   31   32   30   44   36   99   41   78   24   62   44   50   53   57   78   30   39   77   59   35   72   83  150  175 1010 1010 1010 1010 1010 1010 1010 1010 1010 1010 1010 1010 1010 1010 1010 1010 1010 1010 1010 1010 1010 1010 1010 1010 1010 1010 1010 1010 1010 1010 1010 1010 1010 1010
  26   53   42   36   30   32   24   38   55   35   44   36   29   28   30   43   33   48   38   54   43   30   49   50   28  104   51   43   64   46   25   27   51   57   44   28   33   54   43   35   50   27   34   30   63   43   49   38   30   93   62   24   35   46   81   45   75  190   47 1010 1010 1010 1010 1010 1010 1010 1010 1010 1010 1010 1010 1010 1010 1010 1010 1010 1010 1010 1010 1010 1010 1010 1010 1010 1010 1010 1010 1010 1010 1010 1010 1010 1010 1010 1010 1010 1010 1010 1010 1010
  48   48   45   37   28   24   33   34   25   47   23   31   58   30   33   53   46   50   38   38   64   44   35   39   25   24   39   25   41   48   53   54   44   26   52   47   24   33   40   29   45   31   29   32   87   58   60   33   34  101   61   81   53   31   27  103   39   60   30   48  150  130   29   38   41  116   44   98   48  351 1010 1010 1010 1010 1010 1010 1010 1010 1010 1010 1010 1010 1010 1010 1010 1010 1010 1010 1010 1010 1010 1010 1010 1010 1010 1010 1010 1010 1010 1010
  29   37   53   43   40   50   38   27   29   54   42   42   34   25   24   32   38   43   40   39   34   32   27   23   44   30   47   30   93   34   43   66   25   47   28   29   27   33   64   26   30   25   54   61   92   51   21   43   36   37   27   42   45   38   51   34   29   71   53   30   27   49   39   49   58   24   53   58   32   55   45   53   44   66   88  132 1010 1010 1010 1010 1010 1010 1010 1010 1010 1010 1010 1010 1010 1010 1010 1010 1010 1010 1010 1010 1010 1010 1010 1010
