  36  115   65   61   60   90  186  177  123  208  193  394  218  301  184  421  251  127  184  481  381  378  519  392  376  145  442   72  287  536  216  414  372  982  473  456  724  545  433  482  840  483  424  473  304  986  483  486  945  697  821  503  469  570  559 1010  399  803  680  699  679  692 1010  446  528  646 1010  136  688  691  822  770  452  613  803 1010  342  282  728  293  796  755  962  727  337  744  445 1010  906 1010  783  658  798 1010  561  650  839  580  271  763
  41   44   47   36   99  164   81  302  104  227  170  233  182  238  227  341  360  390  362  253  372  282  239 1010  548  627  631  195  174  360  631  323  739  342  331  623  313  216  831  872  293  514  613  384  593  392  202  578  492  337  791  322  503  536  387  593  455  162  558  711  906  561  796  480  365  802  839 1010  107  890  183  580  760  928  439  581  947  835  760  745  584  556  294  439  739  342  955  488  469  678  845  825  791  626  872 1010  158  577  724 1010
  61  203  112   59  101  161  135   70  271  210  121  366  294  517  330  168  307  173  204  476  175  352  426  474  582 1010 1010 1010 1010 1010 1010 1010 1010 1010 1010 1010 1010 1010 1010 1010 1010 1010 1010 1010 1010 1010 1010 1010 1010 1010 1010 1010 1010 1010 1010 1010 1010 1010 1010 1010 1010 1010 1010 1010 1010 1010 1010 1010 1010 1010 1010 1010 1010 1010 1010 1010 1010 1010 1010 1010 1010 1010 1010 1010 1010 1010 1010 1010 1010 1010 1010 1010 1010 1010 1010 1010 1010 1010 1010 1010
  26   42   45   90   70  118  159  172  110  218  193  199  239  181  246  197  396  164  215  534  282  259  584  294  601  360  620  507  664  462  387  430  455  429  450  424  323  205  666  902  446  300  690  572  632  812  294  632  803  366  737  570  864  479  288  249  468  341  520  321  756  502  248  843  407  772  588 1010  378  404  661  404  482  787  760  861 1010  123  420  770  681  791  917  619  591  761  790  469  309  983  589 1010  186  304  718 1010  266  923  672 1010
  27   67   49   58   56   87  243  244  132   90   99  261  146  145  220  268  309  355  331  268  271  220  273  569  251  825  419  554  547  296  447  196  732  695  465  429  446  582  315  644  407  456  687  427  447  536  839  341  574  541  898  587  310  680  946  579  840  593  773  561  486 1010  137  766  972  467  429  588  380  367  873 1010  315  701  960  493  856  589  740 1010  235  939 1010  324  955  680  517  575  463  939  711 1010  489  530  418  547 1010  997  469  680
  32   68   60   56   60   57   62   59  169  162  170  227  389  163  127  173  504  311  465  392  232  438  232  319  510  191  463  280  235  353  379  723  466  412  453  532  701  557  324  382  597  470  485  381  477  682  637  590  661  928  529  560  397  405  346  348 1010  289  772  660  527  852  657  489  519  708 1010  151  891  392  531  504  798  607  550  309 1010  394  873  422  984  820 1010  439  803  528  814  844 1010  281  410  556  432  454  435  779  245  645 1010  178
  52   66   69   72   61   91  129  173  157  363  166  316  128  184  111  260  119  270  533  361  140  792  592  295  444  323  272  341  335  276  395  622  462  163  103  333  561  873  395  292  421  561  302  666  377  434  464  535  492  537  503  830  456  568  384  290  775  759  686  791  693  732 1010  153 1010  848  739  575  563  758  636  920  933  876  358  582  839  444  726  629  654  694  560  587  728  591  860  564 1010  156  625  779  919  849  961  659 1010  137  253  424
  23   52   56   89   76   69  165  169  114  243  222  449  541  220  278  308  137  275  310  283  400  566  366  329  458  260  318 1010 1010 1010 1010 1010 1010 1010 1010 1010 1010 1010 1010 1010 1010 1010 1010 1010 1010 1010 1010 1010 1010 1010 1010 1010 1010 1010 1010 1010 1010 1010 1010 1010 1010 1010 1010 1010 1010 1010 1010 1010 1010 1010 1010 1010 1010 1010 1010 1010 1010 1010 1010 1010 1010 1010 1010 1010 1010 1010 1010 1010 1010 1010 1010 1010 1010 1010 1010 1010 1010 1010 1010 1010
  43   86   41  189  128   87   97  193  159  100   92  259  306  202  263  500  551  335  203  390  284  356  449  272  582  420  491  399  238  575  315  354  243  393  444  441  457 1002  531  334  237  382  833  621  226  574  469  534  218  454  343  419  691 1010  207  463  502  637  602 1010  283  427  455  285  760  535  676  881  506  593  431  651  701  686  772  560  768  942  707  419  763  913  884  371 1010 1010 1010 1010 1010 1010 1010 1010 1010 1010 1010 1010 1010 1010 1010 1010
  68   35   53   54  118  200  130  142  160  296  290  183  376  124  320  261  341  335  222  211  317  305  120  491  689  326  897  671  453  535  347  393  259  448  469  499  712  400  211  217  525  559  740  256  350  664  417  548  755  374  432  582  401  736  336  754  585 1010  129 1010 1010 1010 1010 1010 1010 1010 1010 1010 1010 1010 1010 1010 1010 1010 1010 1010 1010 1010 1010 1010 1010  705  385  925  582  670  259 1010  362 1010  331  562 1010  142  621  743  745  534  557  852
  36   34   43   87   80  122  117  130  170  174  129   52  416  436  240  162  234  211  123   55  348  446  918  441  413  672  828  276  438  395  427  216  797  642  548  346  437  358  500  484  388  390  522  602  508 1010  681  473  606  588 1010  651  834  712  448  535  803  653  582  406  469  532  511 1010  133  765  504  590  599 1010  634  800  550  543  481  534  672  191  584 1010  587  639  466  503 1010  193  660  496  257 1010  388  890 1010  665  825  298  422  595  908  914
  76   56   98  100   94  231  260  150  267  260  256  309  170  290  217  289  546  358  361  155 1010 1010 1010 1010 1010 1010 1010 1010 1010 1010 1010 1010 1010 1010 1010 1010 1010 1010 1010 1010 1010 1010 1010 1010 1010 1010 1010 1010 1010 1010 1010 1010 1010 1010 1010 1010 1010 1010 1010 1010 1010 1010 1010 1010 1010 1010 1010 1010 1010 1010 1010 1010 1010 1010 1010 1010 1010 1010 1010 1010 1010 1010 1010 1010 1010 1010 1010 1010 1010 1010 1010 1010 1010 1010 1010 1010 1010 1010 1010 1010
  39   51   45   81   94   90   98  134  163   90  102  193  279  161  142  260  217  271  328  283  593  422  279  260  709  437  442  186  129  472  140  317  560  699  466  843  425  215  428  234 1010 1010 1010 1010 1010 1010 1010 1010 1010 1010 1010 1010 1010 1010 1010 1010 1010 1010 1010 1010 1010 1010 1010 1010 1010 1010 1010 1010 1010 1010 1010 1010 1010 1010 1010 1010 1010 1010 1010 1010 1010 1010 1010 1010 1010 1010 1010 1010 1010 1010 1010 1010 1010 1010 1010 1010 1010 1010 1010 1010
  34   47   60   57   42   54   45   55  159   92  192  262  381  266  103  225  627  262  239  421  367  408  223  296  532  645  312  622  676  167  536  551  291  397  319  507  406  437  513  562  618  546  603  685  723  451  478  861  588  681  431  208  349  494  906  192  363  954  456  412  928 1010  123 1010  286  174  606  612  711  530  724  512  614  251  747  388  598 1010  348  643  821  777 1010  127  863 1010  772  412 1010  405  620  605 1010  494  769  709 1010  698  524 1010
  22   51   62   56   55  102  155  139   94  118   90  172  208  327  370  210  866  267  123  255  327  204  109  456  321  538  508  248  439  678  526  455  786  529  529  215  561  822  708  613  637  476  507  505  344  409  459  204  192  705 1010  125  502  357  734  471  545  539  631  197  612  186  698  558  818  849  725  766 1010  173 1010 1010 1010 1010 1010 1010 1010 1010 1010 1010 1010 1010 1010  660  429 1010  143  864 1010  149 1010  184  874  895  575 1010  330  498  325  622
  32   69  194   86  123  100   65   71  107  143   87  361  263  219  428  157  320  406  187  548  333  421  264  118  548  372  473  316  485  466  557  287  680  235 1010  157  382  285  573  314  709 1010  146  328  442  540  497  552  440  412  332  994  302  531  691  482  672  397  650  506  561  496 1010  146  510  377  604  785  683  454 1010  294 1010 1010 1010 1010 1010 1010 1010 1010 1010 1010 1010 1010 1010  327  421  605  354  457  568 1003 1010  173 1010  513  774  319  916 1010
  44   35  110   93   58  143  109  272  198  331   97  168  435  209  147  344  183  384  320  452  441  283  286  380  420  681  411  235  415  400  614  400  279  357  693  401  459  684  382  426  606  376  452  332  768  821  717  377  396  742  402  568  400  674  522  545  360  466  617  398  429  799  395  585 1010  173 1010  202 1010 1010 1010 1010 1010 1010 1010 1010 1010 1010 1010 1010 1010 1010 1010 1010 1010 1010 1010 1010 1010 1010 1010 1010 1010 1010 1010 1010 1010 1010 1010 1010
  71   43   50  153  107  139  179  184  167  230  327  123  119  300  234  314  254  269  203  216  165  255  434  424  170  145  556  497  697  278  586  275 1010 1010 1010 1010 1010 1010 1010 1010 1010 1010 1010 1010 1010 1010 1010 1010 1010 1010 1010 1010 1010 1010 1010 1010 1010 1010 1010 1010 1010 1010 1010 1010 1010 1010 1010 1010 1010 1010 1010 1010 1010 1010 1010 1010 1010 1010 1010 1010 1010 1010 1010 1010 1010 1010 1010 1010 1010 1010 1010 1010 1010 1010 1010 1010 1010 1010 1010 1010
  53   61   69   42   66  397  166  116  234  211  245  214  170  321  202  236  422  273  838  273  458  375  398  481  322  442  479  629  648  373  309  319  534  563  597  642  666  585  495  499  392  457  505  750  570  757  478  529  514  392  426  411  909  656 1010  728  582  668  754  512  652  466  869  751  318  889  666  766  573  837  408  672 1010  475  684  441 1010  553  448  829  909  259  463 1010  577  777  624 1010  422  627  236  771 1010  158  577 1010  160  817 1010  691
  54   72   65   48   92   74  107   76  192  207  204  343  408  232  349  154  436  140  501  334  570  156  518  526  473  395  327  366  451  563  681  401  404  261  245  441  643  572  571  576  706  882  552  563  398  415  701  699  584  458  580  801  761  501  654  452  865  459  432  663  678  894 1010  463 1008  862  788  328  739  475  359  462  691  767  657 1010  217  649  423  652  559  800  732  745  638  680 1010  228  675 1010  283 1010  155  878  707  657  639 1010  253  553
  85   60   72  156  168   94  131  236  140  195  302  149  122  313  394  340  314  329 1010 1010 1010 1010 1010 1010 1010 1010 1010 1010 1010 1010 1010 1010 1010 1010 1010 1010 1010 1010 1010 1010 1010 1010 1010 1010 1010 1010 1010 1010 1010 1010 1010 1010 1010 1010 1010 1010 1010 1010 1010 1010 1010 1010 1010 1010 1010 1010 1010 1010 1010 1010 1010 1010 1010 1010 1010 1010 1010 1010 1010 1010 1010 1010 1010 1010 1010 1010 1010 1010 1010 1010 1010 1010 1010 1010 1010 1010 1010 1010 1010 1010
  24   35   37   58   33  111  103   74  108  296  243  127  172  360  163  163  495  244  584  223  449  465  356  268  157  488  325  630  769  462  694  244  284  422  505  256 1010 1010 1010 1010 1010 1010 1010 1010 1010 1010 1010 1010 1010 1010 1010 1010 1010 1010 1010 1010 1010 1010 1010 1010 1010 1010 1010 1010 1010 1010 1010 1010 1010 1010 1010 1010 1010 1010 1010 1010 1010 1010 1010 1010 1010 1010 1010 1010 1010 1010 1010 1010 1010 1010 1010 1010 1010 1010 1010 1010 1010 1010 1010 1010
 121   72   76   61   96  110   67   90  220  150  177  133  119  157  185  205  414  434  385  448  463  366  363  143  506  220  537  583  361  485  198  394  796  304  822  496  783  656  329  296  602  554  453  441  632  334  398  499  594  660  514  770  487  284  670  652  482  501  325  425  569  586  776  812  945  354  858  859  640  557 1010  165  773  533  515  794  615  392  617  953  904  135  846  461  967  705  975 1010  930 1010  314  430 1010  110  722  995  650  523  364  449
  39   32   56   53  107  163  123  208  166  252  253  227  210  247  267  231  184  415  449  114  354  760  286  478  497  467  380  373  249  595  859  650  594  284  521 1010  162  156  506  678  291  566  291  401  417  618  946  410  467  219  478  505  517  340  475  394  763  688  821  769  765  733  552  317  554 1010  120 1010  110  553 1010  280 1010 1010 1010 1010 1010 1010 1010 1010 1010 1010 1010 1010 1010 1010 1010 1010 1010 1010 1010 1010 1010 1010 1010 1010 1010 1010   43   32
  43   58  113   60   83   55   69  135  287  158  143  105  140  477  340  374  448  442  333  368  235  310  575  166  525  287  599  400  421  392  525  271  958  368  279  410  752  547  360  145  482  837  517  878  532  616  700  700  319  247  279  638  588 1010 1010 1010 1010 1010 1010 1010 1010 1010 1010 1010 1010 1010 1010 1010 1010 1010 1010 1010 1010 1010 1010 1010 1010 1010 1010 1010 1010 1010 1010 1010 1010 1010 1010 1010 1010 1010 1010 1010 1010 1010 1010 1010 1010 1010 1010 1010
  48   46   69  144  206  121  131  238  154  216  125   85  414  616  489  341   98  333  318  451  517  392  381  387  452  374 1010  173  473  784  722  466  413  502  366  562  346  591  548  606  371  831  314  406   81  630  246  801  587  365  635  494  599  273  620  588  413  444  766 1010  779  715  492  506  625  544  966  331  595  852  282  599  756  495  974  766  741  863  541 1010 1010 1010 1010 1010 1010 1010 1010 1010 1010 1010 1010 1010 1010 1010 1010 1010 1010 1010 1010 1010
  35   37   70   64   98   82   60  197  139  575  143  289  207  285  639  673  269  258  285  409  502  421  351  256  291  483  342  122 1010  560  719  323  559  518  693  275  493  348  716  524  574  470  416  619  309  434  336  396  879  578  502  372  671  642  422  490  238  758  653  829  928  794  496  447  861  591  817  704  988  582  425  978  687  671  552  366  873  484  939  486  938  257  623  360 1010  349 1010  563  485  705  670  809 1010  460  605  317  752  510 1010  678
  39   66   66   78   88  125  148  295  235  145  189  406  181  222  274  492  449  186  386  391  219  375  504  238  398  331  693  338  585  577  458  319 1010 1010 1010 1010 1010 1010 1010  731 1010  250 1010 1010  245  363  418  571  427  977  636  341  578  302  785  496 1010  207 1010  194  709  473  748  517  340  654  831  529 1010  143  696  186  499  622 1010  235  741  492 1010  142  996  831  647  880  509  403 1010  172 1010 1010 1010 1010 1010 1010 1010 1010 1010 1010 1010 1010
  47   57   88   70  116   79  153  134  823  133  153  356  293  185  291  337  574  333  287   99  317  284  180  385  696  275  353  441  604  451  466  492  528  592  300  371  463  744  270 1010 1010 1010 1010 1010 1010 1010 1010 1010 1010 1010 1010 1010 1010 1010 1010 1010 1010 1010 1010 1010 1010 1010 1010 1010 1010 1010 1010 1010 1010 1010 1010 1010 1010 1010 1010 1010 1010 1010 1010 1010 1010 1010 1010 1010 1010 1010 1010 1010 1010 1010 1010 1010 1010 1010 1010 1010 1010 1010 1010 1010
  54   73  173   81   72   95  162  160  143  385  238  165  183  280  297  304  564  331  281  352  466  880  248  166  247  319  269  178  604  238  568  934  738  687  578  354  553  359  340  619  299  880  426  329  822  545  719 1010 1010 1010 1010 1010 1010 1010 1010 1010 1010 1010 1010 1010 1010 1010 1010 1010  217 1010  176  887  358  374  669  344  667  529  488  646  836  708  761  427  299 1010  262  962  509 1010  247  457  598  833  589 1010 1010 1010 1010 1010 1010 1010 1010 1010
  33   42   56   67   80  143  157  102  198  324  211  371  210  104  147  167  713  320  281  439  305  468  349  275  459  183  402 1010 1010 1010 1010 1010 1010 1010 1010 1010 1010 1010 1010 1010 1010 1010 1010 1010 1010 1010 1010 1010 1010 1010 1010 1010 1010 1010 1010 1010 1010 1010 1010 1010 1010 1010 1010 1010 1010 1010 1010 1010 1010 1010 1010 1010 1010 1010 1010 1010 1010 1010 1010 1010 1010 1010 1010 1010 1010 1010 1010 1010 1010 1010 1010 1010 1010 1010 1010 1010 1010 1010 1010 1010
  37   59  106   61   83   77   87  127  115  152  204  195  346  209  227  192  345  311  199  278  330  581  247  342  497  329  633  495  157  329  433  509  496  761  303  771  446  592  371  552  414  430  305  620  504  474  347  508  778  469  623  872  616  566  793  695  581  433  667  438  570  661  926  718  591  427  469  491  633 1010  201 1010  141 1010  131  909  354  798  791  492  652 1001  710  534  773 1010  387  605  991  558  584  740  649 1010  816  401  651  791 1010  356
  32  126   59   82   84   88  118  140  164  327  296  224  227  185  107 1010  245  400  349  778  283  363  504  337  421  935  461  541  225  377  519  586  350  444  348  362  278  323  748  503 1010  248  621  566  452  462  632  519  290 1010  213 1010  196  822  404  409  381  553  728  502 1010 1010 1010 1010 1010 1010 1010 1010 1010 1010 1010 1010 1010 1010 1010 1010 1010 1010 1010 1010 1010 1010 1010 1010 1010 1010 1010 1010 1010 1010 1010 1010 1010 1010 1010 1010 1010 1010 1010 1010
  62   39   95   54  100   77  147  145   94   87  270  344  243  297  176  362  603  315  353  499  107  273  477  266  385  356  355  398  530  666 1007  373  372  353 1010 1010 1010 1010 1010 1010 1010 1010 1010 1010 1010 1010 1010 1010 1010 1010 1010 1010 1010 1010 1010 1010 1010 1010 1010 1010 1010 1010 1010 1010 1010 1010 1010 1010 1010 1010 1010 1010 1010 1010 1010 1010 1010 1010 1010 1010 1010 1010 1010 1010 1010 1010 1010 1010 1010 1010 1010 1010 1010 1010 1010 1010 1010 1010 1010 1010
  50  177   37   92   63   78  107   94  192  233  323  126  256  213  364  246  390  440  585  463  234  642  669  244  246  420  549  383  336  879  359  402  488  681  774  317  329  534  733  754  262  593  565  301  696  790  249  174  722  430  480  611  236 1010 1010  632  962  790  339  923  251  642  706 1010 1010 1010 1010 1010 1010 1010 1010 1010 1010 1010 1010 1010 1010 1010 1010 1010 1010 1010 1010 1010 1010 1010 1010 1010 1010 1010 1010 1010 1010 1010 1010 1010 1010 1010 1010 1010
  72   88   63   93   72  118   98  178  248  203  312  192  119  134  183  126  397  520  407  255  514  280  279  407  367  482  408  289  194  468  859  283  373  700  588 1010 1010 1010 1010 1010 1010 1010 1010 1010 1010 1010 1010 1010 1010 1010 1010 1010 1010 1010 1010 1010 1010 1010 1010 1010 1010 1010 1010 1010 1010 1010 1010 1010 1010 1010 1010 1010 1010 1010 1010 1010 1010 1010 1010 1010 1010 1010 1010 1010 1010 1010 1010 1010 1010 1010 1010 1010 1010 1010 1010 1010 1010 1010 1010 1010
  43  163   87  103  127   97  222  122  281  197  152  419  259  138  260  264  105  273  299  788  351  285  307  533  185  296  315  341  382  107  274  340  411  620  385  251  393  612  289  419  527  535  883  502 1010 1010 1010 1010 1010 1010 1010 1010 1010 1010 1010 1010 1010 1010 1010 1010 1010 1010 1010 1010  274  882  683  696  941 1010  187 1010 1010 1010 1010 1010 1010 1010 1010 1010 1010 1010 1010 1010 1010 1010 1010 1010 1010 1010 1010 1010 1010 1010 1010 1010 1010 1010 1010 1010
  47   47   76   95   65  147  292  346  211  151  208  267  466  181  432  293  149  227  458  374  242  344  476  267  237  864  590 1010  720  481  358  175  322  443  609  505  561  491  388  194  868  301  879  648  371  986  486  555  289  520  870  665  657  634  699  785  648  183  918  560  678  456  511  686 1010  257  598  190 1010  120  681  569  647  848  392 1010  171  966  999  683  646  731  262  808  627  639  365  739  773  646 1010  727  696  496  319  401  800  687  907  921
  78   61   66  121  179  146  194  238  124   98  209  186  352  203  126  279  427  333  274  538  329  227  408  319  246  645  467  451  435  181  645  259 1010 1010 1010 1010 1010 1010 1010 1010 1010 1010 1010 1010 1010 1010 1010 1010 1010 1010 1010 1010 1010 1010 1010 1010 1010 1010 1010 1010 1010 1010 1010 1010 1010 1010 1010 1010 1010 1010 1010 1010 1010 1010 1010 1010 1010 1010 1010 1010 1010 1010 1010 1010 1010 1010 1010 1010 1010 1010 1010 1010 1010 1010 1010 1010 1010 1010 1010 1010
  46   91   50   89   70  142  219  234  227   99  375  237  253  213  512  233  351  330  363  656  323  420  228  398  394  459  462  356  335  356  243  224  494  589  524  414  466  242  416  227  909  583  602  687  575  643  439  422  602  520  548  527  766  979  585  702  557  749  981  408 1010  201  791  747 1010  305  737  611  765  597  552  713  671  648  610  638  885 1010  223  682  588  558 1010  381  406  616  709  615 1010  437  657  985 1000  532 1010  761  760  541 1010  407
  45   37   64  108  128   82  201  211  153  121  223  311  117  186  200  158  196  405  291  318  838  358  348  391  259  426  407  376  289  366  724  587  396  541  327  488  513  396  929  623  342  712  755  263  203  761 1010  133  690  557  968  786  383 1010  182  623  605  279  354  775  503  884  224  516  677  860 1010  186  448  557 1010  317  910  335  371  391  401 1010 1010 1010 1010 1010 1010 1010 1010 1010 1010 1010 1010 1010 1010 1010 1010 1010 1010 1010 1010 1010 1010 1010
  31   47  101   60   48   88  152  141  155  145  271  362  264  469  128  180  344  956  468  470  149  216  357  106  270  678  319  502  593  428  400  239  402  415  628  483  187  557  581  514  350  337  459  381 1010  423  201  582  452  791  375 1010  174  836  583  427 1010  152  657  688  699  555  607  273 1010  302  189  480  957  882 1010  111  469  218  970  939 1010  173 1010 1010 1010 1010 1010 1010 1010 1010 1010 1010 1010 1010 1010 1010 1010 1010 1010 1010 1010 1010 1010 1010
  36   99  126   81  114  110  112  133  291  329  191  208  289  341  288  255  318  281  306  318  372  602  506   80  340  276  172  463  185  422  704  552  595  376  592  474  391  458  440  377  553  396  813  487  848  669  464  540  899  682  343  965 1010 1010 1010 1010 1010 1010 1010 1010 1010 1010 1010 1010 1010 1010 1010 1010 1010 1010 1010 1010 1010 1010 1010 1010 1010 1010 1010 1010 1010 1010 1010 1010 1010 1010 1010 1010 1010 1010 1010 1010 1010 1010 1010 1010 1010 1010 1010 1010
  46   45   38   46   59  257  141  142   93  203  344  217  240  281  127  115  466  626  194  588  230  680  536  304  510  418  396  583  221  424  745  571  226  387  702  641  121  839  585  368  613  318  280  374  851  424 1010 1010 1010 1010 1010 1010 1010 1010 1010 1010 1010 1010 1010 1010 1010 1010 1010 1010 1010 1010 1010 1010 1010 1010 1010 1010 1010 1010 1010 1010 1010 1010 1010 1010 1010 1010 1010 1010 1010 1010 1010 1010 1010 1010 1010 1010 1010 1010 1010 1010 1010 1010 1010 1010
  47   47   59   52   59   55  137  225  132  216   96  286  171  278  262  114  288  253  877  565  143  291  162  501  432  476  299  422  341 1010  124  685  574  231  489  479  482  464  537  574  128  553  367  482  627  809  928  374  518  846  402  603  486  613  337  382  387  301  427  950  438  335  550  839  683  681 1010  381  644  727  560  472  852  714 1010  641 1010  301  530  441  775  646  772  849  385  537 1010  118  956  702  969  384  360  821 1010  533  644 1010  173  447
  58   66   57   87  125   75  105  158  225  224  185  124   61  149  469  141  283  333  291  245  346  182  114  485  253  464  219  485  674  554  203  414  473  457  393  412  610  595  444  391  373  914  285  491  609  743  431  295  427  957  336  356  589  714  457  644  413  537  722  952  481  555  590  745  624  749  184 1010 1010 1010 1010 1010 1010 1010 1010 1010  901  226  416  636  689  390  824  594  535  436  793  478  707 1010 1010 1010 1010 1010 1010 1010 1010 1010 1010 1010
  25   46   47   71  125  257   99  161  193  258  200  291  169  287   91  253  392  213  103  480  427  398  568  433  170  523  409  394  717  656  374  317  710  383  149  211  425  376  530  554  863  398  530  630  516  783  587 1010  103  435  549  948  787  774  741  509  652  249  457  774 1010  191  561  796  540  797  792 1010  401  392 1010  382  504  696  686 1010  500  500 1010  203  780 1010  455 1010  421 1010 1010 1010 1010 1010 1010 1010 1010 1010 1010 1010 1010 1010 1010 1010
  24  110   99   99   95   47  115  191   89  216  207  312  129  424  363  293  263  426  312  286  220  323  285  237  371  659  406  254  233  389  570  606  490  562  496  659  429  316  515  392  483  672  390 1010  135  533  801  339  368 1010  154  832  383  570  312  848  334  366  667 1010  203  325  262  677  546  255  761  539  671  816 1010  104  358  539  564  833  587  876 1010  298  715  786  568  508  899  745  691  639  597 1010  484  974  570  597  716  682  852  643 1010 1010
  20  130   83   96  134   68   99   98  139  323  193  379  153  274  214  172  213  368  275  477  441  441  373  293  436  446  265  407  479  427  487  719  463  597  358  241  253  535  382  464  576  516  675  605  834  638  423  634  604  609  690  522  247  697  412  455  802  360  651  861  407  597  454  643  404  777  517  734  189 1010  476  955  754  480  759 1010  309  519  769  570  988  829  379  957  728  353  955 1010  634  770  866  806  659  343  649  665 1010  254  673  892
  98   52   65  108  109  120   47  237  189  118  120  280  307  220  211  414  229  215  336  422  294  362  454  542  351  643  450  477  212  342  352  225  318  492  273  576  444  676  554  573  772  546  508  740  204  571  520  447 1010  182  473  576  583  244  376  389  447 1010  304 1010 1010 1010 1010 1010 1010 1010 1010 1010 1010 1010 1010 1010 1010 1010 1010 1010 1010 1010 1010 1010 1010 1010 1010 1010 1010 1010 1010 1010 1010 1010 1010 1010 1010 1010 1010 1010 1010 1010 1010 1010
  62   44   66   81   86  157   81  172  277  219  172  274  185  182  427  312  192  299  304  163  510  268  380  422  578  375  648  402  363  311  410  316  386  206  996  264  805  456  232  704  473  623  379  713  784  641  705  504  751  657  528  554  501  968  354  828  778  600  390  497 1010  181  803  552  597 1010  333  424  890  712  699  933  458  451  665  216  948  759  638 1010  711  829  436  711 1010 1010  271  420  418 1010  289  669  866  596 1010  238  664  862  631 1010
  21   41   29   68  138   95  114  183  110  212  204  124  141  190  190  129  221  261  399  473  239  407  810  526  279  172  221  246  526  339  374  365  491  424  470  309  819  444  423  321  552  297  680  696  853  777  447  580  396  570  389  552  463  660  805  893  364  283  876  437  451  567  915  431  445  990  582  944  752  486  932  584 1010 1010 1010 1010 1010 1010 1010 1010 1010 1010 1010 1010 1010 1010 1010 1010 1010 1010 1010 1010 1010 1010 1010 1010 1010 1010 1010 1010
  45   51   89  172  104   81   99  136  153  153  163  448  411  272  203  246  340   67  236  214  413  440  261  421  404  455  474  152  270  360  529  254  599  380  341  566 1010 1010 1010 1010 1010 1010 1010 1010 1010 1010 1010 1010 1010 1010 1010 1010 1010 1010 1010 1010 1010 1010 1010 1010 1010 1010 1010 1010 1010 1010 1010 1010 1010 1010 1010 1010 1010 1010 1010 1010 1010 1010 1010 1010 1010 1010 1010 1010 1010 1010 1010 1010 1010 1010 1010 1010 1010 1010 1010 1010 1010 1010 1010 1010
  62   54   49   63   68  184  202  178  281  180  373  166  243  205  521  243  158  384  345  187  283  467  220  519  524  747  273  140  501  597  357  194  603  345  501  424  574  316  422  553  329  725  387  895  500  927  431  514  916  720  635  274  738  561  372  740  662  287 1010  783  584  538  642  791  902  818  477  716  758  823  846  709  577  779  551  974  676  272 1007  645  715  456 1010  237  680  838  818  632  770  330 1010  604  566  518 1010  306  834  447  833  636
  44   56   64   68  101  107  235  122  123  210  140  237  296  351  302  213  133  202  643  527  357  427  275  506  394  219  408  781  325  308  382  488  626  193  458  403  578  510  550  313  691  926  888  336 1010 1010 1010 1010 1010 1010 1010 1010 1010 1010 1010 1010 1010 1010 1010 1010 1010 1010 1010 1010 1010 1010 1010 1010 1010 1010 1010 1010 1010 1010 1010 1010 1010 1010 1010 1010 1010 1010 1010 1010 1010 1010 1010 1010 1010 1010 1010 1010 1010 1010 1010 1010 1010 1010 1010 1010
  22   51   86   89   95  111  116  110  153  325  184  287  446  193  112  205  270  393  527  195  307  302  456  185  115  300  423  283  358  342  563  239  549  499  617  569  309  446  508  490  505  551  908  341 1010  142  746  494  715  531  677  267  612  620  801  348  606  687  262 1010  309  585  803  744  800  288 1010  129  526  482  579 1010 1010 1010 1010 1010 1010 1010 1010 1010 1010 1010 1010 1010  481 1010  547 1010  273 1010  517 1010  666  355  925  795 1000  958  678  860
  69   64   63   87  131  355  192  173  114  184  282  356  228  494  220  141  587  195  481  170  442  400  465  290  279  588  564  430  585  229  692  476  400  422  469  436  292  358  544  567  716  368  425  370  325  384  621  643  523  637  408  587  667  533  377  710  572  669  415  901  714  665  736  842  515  423  709  242  447  707 1010  227  804 1010  201 1010 1010 1010 1010 1010 1010 1010 1010 1010 1010 1010 1010 1010 1010 1010 1010 1010 1010 1010 1010 1010 1010 1010 1010 1010
  71   64   44   65   64   81  163  175  296   93  377  204  219  212  448  220  261  377  156  493  373  148  486  266  187  550  475  224  282  581  488  341  270  458  502  508  620  731  873  419  839  569  542  884  445  338  662  612  565  783  597  914  499  685  477  617  759 1010  331 1010  207  330  340  879  646  419  305  964  447  667  628  593  474  640 1010  974  249  662  813 1003  763  642 1010  913  590  984  572  743  300  797  915  686 1010  108  315 1010  482  976  329  595
  38   56   89   74  157  107   87  116  236  210  181  152  210  388  265  685  433  370  193  254  195  314  420  330  213  447  292  365  623  264  402  416  300  341  291  206  712  618  445  621  625  533  810  433  797  235  445  546  268  355 1010 1010 1010 1010 1010 1010 1010 1010 1010 1010 1010 1010 1010 1010 1010 1010 1010 1010 1010 1010 1010 1010 1010 1010 1010 1010 1010 1010 1010 1010 1010 1010 1010 1010 1010 1010 1010 1010 1010 1010 1010 1010 1010 1010 1010 1010 1010 1010 1010 1010
  38   36   39   19   73   94  197  253  201  153  319  147   93  229 1010 1010 1010 1010 1010 1010 1010 1010 1010 1010 1010 1010 1010 1010 1010 1010 1010 1010 1010 1010 1010 1010 1010 1010 1010 1010 1010 1010 1010 1010 1010 1010 1010 1010 1010 1010 1010 1010 1010 1010 1010 1010 1010 1010 1010 1010 1010 1010 1010 1010 1010 1010 1010 1010 1010 1010 1010 1010 1010 1010 1010 1010 1010 1010 1010 1010 1010 1010 1010 1010 1010 1010 1010 1010 1010 1010 1010 1010 1010 1010 1010 1010 1010 1010 1010 1010
  33   37   49   59  100   78  240  336  235  244  263   94  122  327  180  134  461  193  192  117  223  517  452  491  362  356  247  550  324  346  632  229  573  510  459  538  339  640 1010  105  388  550  421  425  448  677  371  383  460  783  184  335  810  360  950  554 1010  673  753  165  402 1010 1010 1010 1010 1010 1010 1010 1010 1010 1010 1010 1010 1010 1010 1010 1010 1010 1010 1010 1010 1010 1010 1010 1010 1010 1010 1010 1010 1010 1010 1010 1010 1010 1010 1010 1010 1010 1010 1010
  46  172   93  111   92   90   93  207  186  166  253  217  287  301  563  132  590  549  429  427  245  563  459  806  382  544  244  303  592  334  191  318   97 1010 1010 1010 1010 1010 1010 1010 1010 1010 1010 1010 1010 1010 1010 1010 1010 1010 1010 1010 1010 1010 1010 1010 1010 1010 1010 1010 1010 1010 1010 1010 1010 1010 1010 1010 1010 1010 1010 1010 1010 1010 1010 1010 1010 1010 1010 1010 1010 1010 1010 1010 1010 1010 1010 1010 1010  778 1010 1010 1010 1010 1010 1010 1010 1010 1010 1010
  45   68  122   93  165  106   79  160  216  185  293  163  366  389  329  159  319  438  391  509  289  262  468  206  469  482  772  540  499  622  433  244  249  810  596  645  382  347  243 1010 1010 1010 1010 1010 1010 1010 1010  818  426  217  592  510  806  446  323  700  789 1010 1010 1010 1010 1010 1010 1010 1010 1010 1010 1010 1010 1010 1010 1010 1010 1010 1010 1010 1010 1010 1010 1010 1010 1010 1010 1010 1010 1010 1010 1010 1010 1010 1010 1010 1010 1010 1010 1010 1010 1010 1010 1010
  25   86   97  104  151  184   93   81   69  131  319  201  220  230  358  517  345  262  416  337  300  424  359  438  451  532  455  497  392  634  542  463  374  906  588  568  616  648  411  562  814  500  763 1010  148  670  443  673  434  409  857 1010  427  340  623  399  358 1010 1010 1010 1010 1010 1010 1010 1010 1010  448 1010 1010 1010 1010 1010 1010 1010 1010 1010 1010 1010 1010 1010 1010 1010 1010 1010 1010 1010 1010 1010 1010 1010 1010 1010 1010 1010 1010 1010 1010 1010 1010 1010
  51   42   80   64   76  116  173  216  157  241  328  249  187  512  317  241  279  257  121  623  253  168  502  313  321  301  349  349  606  671  637  332  368  663  171  402  744 1010  171  828  404  806  988  344  341  184  580  551  712  363  553  646  116  244  605 1010 1010 1010 1010 1010 1010 1010 1010 1010 1010 1010 1010 1010 1010 1010 1010 1010 1010 1010 1010 1010 1010 1010 1010 1010 1010 1010 1010 1010 1010 1010 1010 1010 1010 1010 1010 1010 1010 1010 1010 1010 1010 1010 1010 1010
  37   29   61   51   59  102   97  219  119  249   97  109  234  404  113  159  211  560  103  147  322  349  369  330  274  538  328  253  162  417  380  738  377  431  379  426 1010  174 1010 1010 1010 1010 1010 1010 1010 1010 1010 1010 1010  270  972  660  738  448  731  750  623  380  646  737  390  615  538  455  762  678  882  627  528  706  780  575  844 1010 1010  537  302  383 1010 1010 1010 1010 1010 1010 1010 1010 1010 1010 1010 1010 1010 1010 1010 1010 1010 1010 1010 1010 1010 1010
  38   42   64   82   68  233  157  318  199  105  259  318  164  235  574 1010  630  361  174  467  457  274  635  522  511  393  397  482  261  179  487  350  511  427  352  789  602  269  689  358  484  473  862  900  317 1010  297  413  734  559  856  843  504  343  684  571  370  690  414  383  998  883  629  686  718  579 1010  611  530  436  843  251  853  865 1010  607  362  820  654  697  777  911  934 1010  243  380  689  844  854  331 1010  454  634  508 1010  429  800  404  680  571
  43   53   86   74   75   75  250  164  270  129  351  141  349  125  133  158  380  640  216  421  351  293  515  552  324  294  384  767  665  303  313  144  289  214  579  365  349  214  688  463  845  343  585  699  379  245  498  476  627  389  431  854  947  205  842  306  596  388  652  536  394  500  976 1010  224  692  660  427  819  596 1010  166  965  703 1010  157  648 1010  166  225 1010  244  438  870  544  824  965  620  596  453 1010  242 1010  233 1010  523  972  619  422 1010
  25   56   52  105   53  109  161  137  276  201  203  105  251  131  229  412  365  187  249  746  313  263  473  427  427  411  520  228  638  631  544  379  502  432  433  420  473  641  717  658  493  251  466  546 1010 1010 1010 1010 1010 1010 1010 1010 1010 1010 1010 1010 1010 1010 1010 1010 1010 1010 1010 1010 1010 1010 1010 1010 1010 1010 1010 1010 1010 1010 1010 1010 1010 1010 1010 1010 1010 1010 1010 1010 1010 1010 1010 1010 1010 1010 1010 1010 1010 1010 1010 1010 1010 1010 1010 1010
  23   94   74   58   91  132  190  121   90  294  257  110   87  403  342  481  493  302  356  500  389  271  280  314  438  458  607  379  298 1010  177  473  348  579  324  559  514  168  348  904  516  556  574  652  306  760  398  249  518  413  908  718  781  581  675  906  871  591  510  513 1010  170  760  374  551  378  626  433  325  978  486 1010  237  679  407  553  835  477  665  515  908  469  613  483  671  963  827 1010  921 1010  182  583 1010  391  284  499  966  355  524  613
  33   53   67  118   87   89  171  233  121  192  265  410  186  132  674  285  279  272  295  237  520  333  440  392  252  195  540  813  370  480  455  341  380  483  550  413  585  690  403  526 1010 1010 1010 1010 1010 1010 1010 1010 1010 1010 1010 1010 1010 1010 1010 1010 1010 1010 1010 1010 1010 1010 1010 1010 1010 1010 1010 1010 1010 1010 1010 1010 1010 1010 1010  600  570  625 1010  159 1010 1010 1010 1010 1010 1010 1010 1010 1010 1010 1010  229 1010  145 1010  720  769  988  334  604
  57   51   55  129  103   82  192  227  102  209  154  142  363  251  270  431  347  514  185  250  268  220  402  320  320  530  349  391  258  254  371  778  397  685  643  274  177  354  757  758  474  570  614  644  762  214  771  662  443  469  422  780  563  459  682  387  314  690  533  241  995  397  762  791  542 1010  135  336  954  325  708  468  494  720  774  803  560  593  569 1010  408  527  939  551  658  630  476 1010  199  803  936  853  345  969  256  813 1010  174  606  581
  45   37   85   84   68   56  133  145  107  144  253  224  183  217  334  437  374  174  222  259  623  137  401  243  591  286  532  353  487  316  587  368  186  274  166  703  599  660  609  493 1010 1010 1010 1010 1010 1010 1010 1010 1010 1010 1010 1010 1010 1010 1010 1010 1010 1010 1010 1010 1010 1010 1010 1010 1010 1010 1010 1010 1010 1010 1010 1010 1010 1010 1010 1010 1010 1010 1010 1010 1010 1010 1010 1010 1010 1010 1010 1010 1010 1010 1010 1010 1010 1010 1010 1010 1010 1010 1010 1010
  63   63   50  114   59  208  159  141  171  249  285  553  309  313  279  288  218  503  275  148  196  520  382  323  306  304  381  418  278  382  608  349  370  575  349  359  579  701  614  611  564  515  425  684  782  441  550 1010  452  671  311  646  788  307  819  792  653  494  367  864  598  876  684  779  524  928  732  640  473  759 1010  957  448  683  460  738  414  297  482  603  947  545 1010  340  627  553 1010  204  698  749  630 1010  160 1010  152 1010  518  588  698  655
  33   37   57   61   84  159  182  158  180  172  347  235  218  425  278  600  627  346  283  403  282  196  861  295  178  646  341  570  234  484  442  631  516  186  545  352  534  569  297  572  558  477  590  618  755  367  620  457  458  590  636  376  551  576  824  591  642  551  496  934  757 1010  219  487  930 1010  292 1010  590  568  395  641  731  883  586  925  821  507  752  678  857  375  753  704  777  463 1010  461  525  676  751  792  982 1010  131 1010  550  604  874  603
  35  258  112  154  124   92  157  126  209  175  190   83  355  221  326  226  407  175  188  685  428  320  431  512  294  292  236  214  233  369 1010 1010 1010 1010 1010 1010 1010 1010 1010 1010 1010 1010 1010 1010 1010 1010 1010 1010 1010 1010 1010 1010 1010 1010 1010 1010 1010 1010 1010 1010 1010 1010 1010 1010 1010 1010 1010 1010 1010 1010 1010 1010 1010 1010 1010 1010 1010 1010 1010 1010 1010 1010 1010 1010 1010 1010 1010 1010 1010 1010 1010 1010 1010 1010 1010 1010 1010 1010 1010 1010
  42   40   50  100  127  154  225  161  226   96  146  151  344  243  185  363  288  171  332  359  202  548  295  383  300  368  379  505  374  471  810  428  496  520  567  336  706  391  803  453  512  503  283  464  676  186  721 1010  518  409  937  676  581  575  215  428  893  552  412  556  321  568  535 1010  271  508  709 1010  130 1010  432 1010  173 1010  334  446 1010  147  748  647  647  862 1010   99  406  869  514  931  501 1010  223  679  600  986 1009  440 1010  248  493 1010
  23   36   35   20   42   80   76   74  102  201  217  169  249  220  504  327  223  598  392  351  337  776  616  396  247  124  490  289  685  624  620  224  428  499  310  271  717  626  514  468  600  125  708  764  394 1010 1010 1010 1010 1010 1010 1010 1010 1010 1010 1010 1010 1010 1010 1010 1010 1010  730  693  750  680  623  335  567  333  374  521  757  665  422  449  808  702  204 1010  908  372  461  555  899  658  593  730  548  503  780 1010  139 1003  395  794  581 1010  602  653
  35   33   73  171   99  145  131  187  102  234  424  134  451  237  180  249  257  350  165  389  370  406  615  328  364  209  570  444  598  371  375  216  364  419  615  220  296  409  426  441  792  854  382  474  479  763  558  176  614  609  566  480  285  207  814  604  661  851  576 1010  120  753  452  823  488  447  751  729  591  301  231  882 1010  122  400  657  326 1010  354 1010  108  541  865  306  654  581  964  413 1008  456  692  970  678  717  247  926 1010  872  670 1010
  41   44   52   59   52   42   43   43   35   33  639  443  278  230  264  131  328  416  144  203  254  300  339  575  223  184  635  306  103  253  523  508  185  333  770  657  963 1010  321  207  477  621  354  454  506  703  411  783  691  286  625  734 1010  149  640  699  706  761  991  404  764  756  645  605  497  786 1010  215  568  710  892  373  714  479  772  290  788  861 1010  250  620  761  908  727  604 1010  168 1010 1010 1010 1010 1010 1010 1010 1010 1010 1010 1010 1010 1010
  26   61   82   79   52   73   99  179  226  272  119  276  239  613  220  185  131  436  648  675  278  622  319  586  197  505  494  406  627  343  554 1010  325  686  397  263 1010   88  494  236  111  552  229  519  410  760  750  930  506  691  403  607  324  395  745  381  797  701  824  276  700 1010  670 1009  624  436  357  630  481  537  317  403  831  904  570  361  566  289  581  792  640  473  448 1010  173 1010  775  388  522  774  628 1010  173 1010 1010 1010 1010 1010 1010 1010
  34   46   66   76  122  142  148  180  128  201  242  118  271  229  204  500  457  484  424  506  381  274  490  582  162  165  486  630  246  521  427  453  565  679  424  231  404  504  622  472  260 1010 1010 1010 1010 1010 1010 1010 1010 1010 1010 1010 1010 1010 1010 1010 1010 1010 1010 1010 1010 1010 1010 1010 1010 1010 1010 1010 1010 1010 1010 1010 1010 1010 1010 1010 1010 1010 1010 1010 1010 1010 1010 1010 1010 1010 1010 1010 1010 1010 1010 1010 1010 1010 1010 1010 1010 1010 1010 1010
  58   46   57  126   96  129   93  220  218  301  257  305  310  181  534  592  247  497  229  633  500  288  809  361  682  751  432  745  227  476  296  490  569  539  315  199 1010 1010 1010 1010 1010 1010 1010 1010 1010 1010 1010 1010 1010 1010 1010 1010 1010 1010 1010 1010 1010 1010 1010 1010 1010 1010 1010 1010 1010 1010 1010 1010 1010 1010 1010 1010 1010 1010 1010 1010 1010 1010 1010 1010 1010 1010 1010 1010 1010 1010 1010 1010 1010 1010 1010 1010 1010 1010 1010 1010 1010 1010 1010 1010
  49   56   53   40   65  177  141  110  144  368  274  249  194  341  192  502  147  261  163  532  394  424  291  514  337  319  585  513  168  455  614  550  286  257  677  476  377  436  348  274  315  298  558  491  959  448  786  335  783  536  550  569  235  710  911  673  622  219  555  575  920  912  291  617  450  842  199  524  437  494 1010  126 1010 1010 1010 1010 1010 1010 1010 1010 1010 1010 1010 1010 1010 1010 1010 1010  605  607  893  545 1010  114  624  736 1010  328  421  771
  32   61   62   50   98  208  117  270  324  164  203  212  217  217  391  156  388  193  359  335  463  162  375  230  234  711  428  319  469  350  420  550  662  362  413  580  748  496  471  552  861  529  449  751  671  901  233  638  516  488  372  222 1010 1010 1010 1010 1010 1010 1010 1010 1010 1010 1010 1010 1010 1010 1010 1010 1010 1010 1010 1010 1010 1010 1010 1010 1010 1010 1010 1010 1010 1010 1010 1010 1010 1010 1010 1010 1010 1010 1010 1010 1010 1010 1010 1010 1010 1010 1010 1010
  46   43   89  115   71  141   93  148  116  198  202  226  148  237  162  376  283  132  294  337  719  236  253  494  642  222  452  534  414  575  683  294  241  597  313  474  431  728  407  531  420 1010  179  506  743  963  491  648  581  455  819 1010 1010 1010 1010 1010 1010 1010 1010 1010 1010 1010 1010 1010 1010 1010 1010 1010 1010 1010 1010 1010 1010 1010 1010 1010 1010 1010 1010 1010 1010 1010 1010 1010 1010 1010 1010 1010 1010 1010 1010 1010 1010 1010 1010 1010 1010 1010 1010 1010
  41   54   76   85   88  122  130  158  101  233  589  510  397  349  252  514  478  183  125  477  200  225  148  516  458  486  329  544  499  336  547  478  375  688  579  680  491  239  229  600  477  459  602  682  835  585  322 1010 1010 1010 1010 1010 1010 1010 1010 1010 1010 1010 1010 1010 1010 1010 1010 1010 1010 1010 1010 1010 1010 1010 1010 1010 1010 1010 1010 1010 1010 1010 1010 1010 1010 1010 1010 1010 1010  831 1010 1010 1010 1010 1010 1010  591  665  604 1010  609  478  363  715
  39   82  122  225  107  210  134  147  204  293   99   97  221  140  166  166  169  295  577 1010 1010 1010 1010 1010 1010 1010 1010 1010 1010 1010 1010 1010 1010 1010 1010 1010 1010 1010 1010 1010 1010 1010 1010 1010 1010 1010 1010 1010 1010 1010 1010 1010 1010 1010 1010 1010 1010 1010 1010 1010 1010 1010 1010 1010 1010 1010 1010 1010 1010 1010 1010 1010 1010 1010 1010 1010 1010 1010 1010 1010 1010 1010 1010 1010 1010 1010 1010 1010 1010 1010 1010 1010 1010 1010 1010 1010 1010 1010 1010 1010
  49   34   43   44   60   54   53  165  178  307  149  161  251  336  603  270  264  446  209  472  292  504  320  237  324  257  629  424  771  894  487  533  633  358  397  653  638  378  520  655  531  282  941  217  751  801  480  527  460  513  641  772  310  560  432  363 1000  710  725  355  270  534 1010  126  569  709  673  758  446  741  854  636  818  349 1010  460  660  501  557  874 1010  137  937  516  849  386  884 1010  266  862 1010  377 1010  134  307 1010  235  751 1010 1010
  31   80   59   69   83  136  164  174  181  286  308  265  428  109  420  251  269  340  262 1010  537  507  415  332  588  183  599  344  412  685  280  322  460  551  758  311  651  685  374  275  515  561  430  752  527  299  469  878  385  372  514  569  493  525  389  709  544  441  651  373  670  571  266 1010 1010 1010 1010 1010 1010 1010 1010 1010 1010 1010 1010 1010 1010 1010 1010 1010  366 1010 1010 1010 1010 1010 1010 1010 1010 1010 1010 1010 1010 1010 1010 1010 1010 1010 1010 1010
  26   33   44   33   84   86   98   78  166  311  231  177  185  119  371  197  626  260  296  819  672  167  479  365  319  534  600  370  295  305  263  557  432  600  560  633  263  510  522  450  433  951  618  620  227  441  516 1010  143 1010  530  842  548  476  145  445  853  407  662  381  600  430  679  967  629  422  767  718  758  330  753  793  754  951  387  569  607  738  617  913 1010 1010 1010 1010 1010 1010 1010 1010 1010 1010 1010 1010 1010 1010 1010 1010 1010 1010 1010 1010
  88   57   62   91  175  233  188  155  124  131  276  243  462  152  350  223  325  312  163  286  354  393  199  178  487  124  105  135  306  297  293 1010  147  540  459  453  668  995  462  459  287  643  754  673  834  633  347  775  720  508  366  671  568  242  580  772  685  312  492  514  492  516  351  452  176  715  519  666 1010  667 1004  656  613  706  589  554  696 1010  785  777  564  662  655  719  791  707  935  603  765 1010  358  770  710  931  411 1010  148  796  999  894
  64  108   55  148  112  122  225  205  180  219  348  163  250  128  229   93  183  200  187  122  381  172  438  162  341  152  419  888  400  493  501  461  959  239  626  304  522  569  586  437  237  781  529  314  943  337  281  678 1010  110  761  800  733 1009  945  412  907  506  619  441  807  691  413  569 1010  368  620  422  210  540  849  668  878  511  966 1010  157  715  830 1010  120  381  991  666  650  388 1010  178  600  869  701  561  792 1010   90  645  640  579  604 1010
  52   70   85  159  121  165  197  167  165  333  409  109  336  243  165  381  191  162  354  199  559  708  267  498  468  583  720  485  201  136  725  895  674  886  801  371  571  241  163  369  567  326  678  321  394  770  585  235  434  523  572  419  536 1010 1010 1010 1010 1010 1010 1010 1010 1010 1010 1010 1010 1010 1010 1010 1010 1010 1010 1010 1010 1010 1010 1010 1010 1010 1010 1010 1010 1010 1010 1010 1010 1010 1010 1010 1010 1010 1010 1010 1010 1010 1010 1010 1010 1010 1010 1010
  20   32   30   66   72   79  174  243  119  223  105  196  367  116  194  332  404  525  297  281  411  610  276  245  414  457  205  512  852  576  212  402  220  859  500  165  477  507  798  364  634  564  381  253  463  643  596  171  454  896  575 1010 1010 1010 1010 1010 1010 1010 1010 1010 1010 1010 1010 1010 1010 1010 1010 1010 1010 1010 1010 1010 1010 1010 1010 1010 1010 1010 1010 1010 1010 1010 1010 1010 1010 1010 1010 1010 1010 1010 1010 1010 1010 1010 1010 1010 1010 1010 1010 1010
  28   30  147  140  164  134  223  244  166  283  115  301  252  192  267  432   78  331  270  195  269  252  351  642  345  365  707  661  333  498  775  539  474  539  814  496  331  470  405  649  351  454  862  530  491  175  266  337 1010 1010 1010 1010 1010 1010 1010 1010 1010 1010 1010 1010 1010 1010 1010 1010 1010 1010 1010 1010 1010 1010 1010 1010 1010 1010 1010 1010 1010 1010 1010 1010 1010 1010 1010 1010 1010 1010 1010 1010 1010 1010 1010 1010 1010 1010 1010 1010 1010 1010 1010 1010
  27   58   62   53   49   87  149   79   89  114  307  172  111  176  207  296  203  136  439  289  782  309  325  375  183  542  286  963  692  302  533  286  561  589  478  539  405  754  414  410  339  308  300  193  597  556  634  190  661  545  688  319   94  458  816  502  875  391  352  699  956  499  423  948  683  611  492 1010  326  676  661  468  416  263  735  733  943 1010  697  788  712  359 1010  233  722  713  724 1010  510  297  943  511  823  707  765 1010  454  656 1010  255
  58   49   78   60   53   93  235   98  138   86  163  102  593  461  422  146  238  496  244  132  217 1010 1010 1010 1010 1010 1010 1010 1010 1010 1010 1010 1010 1010 1010 1010 1010 1010 1010 1010 1010 1010 1010 1010 1010 1010 1010 1010 1010 1010 1010 1010 1010 1010 1010 1010 1010 1010 1010 1010 1010 1010 1010 1010 1010 1010 1010 1010 1010 1010 1010 1010 1010 1010 1010 1010 1010 1010 1010 1010 1010 1010 1010 1010 1010 1010 1010 1010 1010 1010 1010 1010 1010 1010 1010 1010 1010 1010 1010 1010
  96   75   72  112   88   73  216  175  107   91  125  372  149  193  166  362  597  262  239  408  133  839  342  448  520  486  637  746  544  207  333 1010 1010 1010 1010 1010 1010 1010 1010 1010 1010 1010 1010 1010 1010 1010 1010 1010 1010 1010 1010 1010 1010 1010 1010 1010 1010 1010 1010 1010 1010 1010 1010 1010 1010 1010 1010 1010 1010 1010 1010 1010 1010 1010 1010 1010 1010 1010 1010 1010 1010 1010 1010 1010 1010 1010 1010 1010 1010 1010 1010 1010 1010 1010 1010 1010 1010 1010 1010 1010
  35  110   67   89  100  150  165  150  220  248  372  139  221  200  672  284  323  238  116  145  735  326  500  363  243  295  250  479  698  301  319  285  371  279  601  414  501  358  902  372  681  472  654  752  288  760  321  771  417 1008  642  586  606  912  421  685  712  586 1010  285  714  511  453  128  838  764  656  701 1010  325  844  246 1010  271 1010  504  819  712 1010   88  706  683 1010  810  693  870  578  843  418  792 1010  127  597  978  635 1010  836 1010  291  818
