0	65
1	81
2	60
3	78
4	94
5	87
6	95
7	87
8	82
9	84
10	72
11	65
12	56
13	53
14	70
15	68
16	63
17	70
18	71
19	103
20	188
21	192
22	222
23	352
24	1010
25	1010
26	1010
27	1010
28	1010
29	1010
30	1010
31	1010
32	1010
33	1010
34	1010
35	1010
36	1010
37	1010
38	1010
39	1010
0	53
1	91
2	93
3	155
4	128
5	138
6	111
7	171
8	164
9	307
10	402
11	496
12	739
13	716
14	1010
15	793
16	1010
17	1010
18	1003
19	1010
20	1010
21	928
22	1010
23	1010
24	567
25	799
26	759
27	1010
28	1010
29	1010
30	1010
31	1010
32	1010
33	1010
34	1010
35	1010
36	1010
37	1010
38	880
39	1010
0	49
1	117
2	81
3	171
4	164
5	145
6	330
7	173
8	403
9	133
10	259
11	590
12	372
13	487
14	459
15	1010
16	1010
17	1010
18	1010
19	1010
20	774
21	622
22	1010
23	1010
24	1010
25	1010
26	1010
27	1010
28	1010
29	1010
30	1010
31	1010
32	1010
33	1010
34	1010
35	1010
36	1010
37	1010
38	1010
39	1010
0	54
1	52
2	55
3	97
4	91
5	78
6	91
7	70
8	82
9	82
10	67
11	83
12	86
13	106
14	131
15	146
16	653
17	1010
18	1010
19	1010
20	1010
21	1010
22	1010
23	1010
24	1010
25	1010
26	1010
27	1010
28	1010
29	1010
30	1010
31	1010
32	1010
33	1010
34	1010
35	1010
36	1010
37	1010
38	1010
39	1010
0	54
1	64
2	72
3	90
4	404
5	485
6	729
7	499
8	1010
9	979
10	1010
11	1010
12	1010
13	1010
14	1010
15	1010
16	1010
17	1010
18	1010
19	1010
20	1010
21	1010
22	1010
23	1010
24	1010
25	1010
26	1010
27	1010
28	1010
29	1010
30	1010
31	1010
32	1010
33	1010
34	1010
35	1010
36	1010
37	1010
38	1010
39	1010
0	104
1	81
2	146
3	97
4	116
5	396
6	419
7	427
8	468
9	803
10	163
11	363
12	1010
13	1010
14	1010
15	1010
16	1010
17	1010
18	1010
19	1010
20	1010
21	1010
22	1010
23	1010
24	1010
25	1010
26	1010
27	1010
28	1010
29	1010
30	1010
31	1010
32	1010
33	1010
34	1010
35	1010
36	1010
37	1010
38	1010
39	1010
0	60
1	61
2	66
3	88
4	185
5	206
6	167
7	207
8	352
9	449
10	1010
11	1010
12	1010
13	578
14	869
15	528
16	1010
17	1010
18	1010
19	1010
20	1010
21	1010
22	1010
23	1010
24	1010
25	1010
26	1010
27	1010
28	1010
29	1010
30	1010
31	1010
32	1010
33	1010
34	1010
35	1010
36	1010
37	1010
38	1010
39	1010
0	56
1	95
2	178
3	90
4	149
5	248
6	1010
7	1010
8	1010
9	1010
10	1010
11	1010
12	1010
13	1010
14	1010
15	1010
16	1010
17	1010
18	1010
19	1010
20	1010
21	1010
22	819
23	1010
24	1010
25	1010
26	1010
27	1010
28	1010
29	1010
30	1010
31	1010
32	1010
33	1010
34	1010
35	1010
36	1010
37	1010
38	1010
39	1010
0	105
1	128
2	99
3	193
4	198
5	426
6	546
7	827
8	1010
9	1010
10	1010
11	1010
12	1010
13	1010
14	1010
15	1010
16	1010
17	1010
18	1010
19	1010
20	1010
21	1010
22	1010
23	1010
24	1010
25	1010
26	1010
27	1010
28	1010
29	1010
30	1010
31	1010
32	1010
33	1010
34	1010
35	1010
36	1010
37	1010
38	1010
39	1010
0	67
1	66
2	80
3	79
4	85
5	105
6	91
7	82
8	162
9	141
10	204
11	114
12	93
13	173
14	152
15	154
16	1010
17	1010
18	1010
19	1010
20	1010
21	1010
22	1010
23	1010
24	1010
25	1010
26	1010
27	1010
28	1010
29	1010
30	1010
31	1010
32	1010
33	1010
34	1010
35	1010
36	1010
37	1010
38	1010
39	1010
0	86
1	47
2	65
3	106
4	117
5	109
6	90
7	410
8	296
9	254
10	362
11	298
12	658
13	669
14	1010
15	1010
16	1010
17	1010
18	1010
19	1010
20	1010
21	1010
22	1010
23	1010
24	1010
25	1010
26	1010
27	1010
28	1010
29	1010
30	1010
31	1010
32	1010
33	1010
34	1010
35	1010
36	1010
37	1010
38	1010
39	1010
0	45
1	113
2	121
3	166
4	158
5	340
6	219
7	480
8	755
9	1008
10	425
11	1010
12	1010
13	1010
14	1010
15	1010
16	1010
17	1010
18	1010
19	1010
20	1010
21	1010
22	1010
23	1010
24	1010
25	1010
26	1010
27	1010
28	1010
29	1010
30	1010
31	1010
32	1010
33	1010
34	1010
35	1010
36	1010
37	1010
38	1010
39	1010
0	54
1	104
2	119
3	101
4	141
5	117
6	320
7	369
8	864
9	1010
10	1010
11	1010
12	1010
13	1010
14	1010
15	1010
16	1010
17	1010
18	1010
19	1010
20	1010
21	1010
22	1010
23	1010
24	1010
25	1010
26	1010
27	1010
28	1010
29	1010
30	1010
31	1010
32	1010
33	1010
34	1010
35	1010
36	1010
37	1010
38	1010
39	1010
0	56
1	68
2	118
3	155
4	218
5	352
6	1010
7	1010
8	1010
9	1010
10	1010
11	1010
12	1010
13	1010
14	1010
15	1010
16	1010
17	1010
18	1010
19	1010
20	1010
21	1010
22	1010
23	1010
24	1010
25	1010
26	1010
27	1010
28	1010
29	1010
30	1010
31	1010
32	1010
33	1010
34	1010
35	1010
36	1010
37	1010
38	1010
39	1010
0	60
1	94
2	592
3	616
4	1010
5	1010
6	1010
7	1010
8	1010
9	1010
10	1010
11	1010
12	1010
13	1010
14	1010
15	517
16	889
17	1010
18	1010
19	1010
20	1010
21	1010
22	1010
23	1010
24	1010
25	1010
26	1010
27	1010
28	1010
29	1010
30	1010
31	1010
32	1010
33	1010
34	1010
35	1010
36	1010
37	1010
38	1010
39	1010
0	58
1	65
2	81
3	573
4	929
5	1010
6	1010
7	1010
8	1010
9	1010
10	1010
11	1010
12	1010
13	1010
14	1010
15	1010
16	1010
17	1010
18	1010
19	1010
20	1010
21	1010
22	1010
23	1010
24	1010
25	1010
26	1010
27	1010
28	1010
29	1010
30	1010
31	1010
32	1010
33	1010
34	1010
35	1010
36	1010
37	1010
38	1010
39	1010
0	65
1	62
2	80
3	143
4	1010
5	1010
6	1010
7	1010
8	1010
9	1010
10	1010
11	1010
12	1010
13	1010
14	1010
15	1010
16	1010
17	1010
18	1010
19	1010
20	1010
21	1010
22	1010
23	1010
24	1010
25	1010
26	1010
27	1010
28	1010
29	1010
30	1010
31	1010
32	1010
33	1010
34	1010
35	1010
36	1010
37	1010
38	1010
39	1010
0	53
1	86
2	55
3	38
4	65
5	71
6	119
7	171
8	221
9	186
10	297
11	504
12	404
13	734
14	1010
15	1010
16	1010
17	1010
18	1010
19	1010
20	1010
21	1010
22	1010
23	1010
24	1010
25	1010
26	1010
27	1010
28	1010
29	1010
30	1010
31	1010
32	1010
33	1010
34	1010
35	1010
36	1010
37	1010
38	1010
39	1010
0	59
1	60
2	195
3	252
4	322
5	394
6	1010
7	1010
8	1010
9	1010
10	1010
11	1010
12	1010
13	1010
14	1010
15	1010
16	1010
17	1010
18	1010
19	1010
20	1010
21	1010
22	1010
23	1010
24	1010
25	1010
26	1010
27	1010
28	1010
29	1010
30	1010
31	1010
32	1010
33	1010
34	1010
35	1010
36	1010
37	1010
38	1010
39	1010
0	61
1	76
2	80
3	79
4	185
5	145
6	162
7	1010
8	1010
9	1010
10	1010
11	1010
12	1010
13	1010
14	1010
15	1010
16	1010
17	1010
18	1010
19	1010
20	1010
21	1010
22	1010
23	1010
24	1010
25	1010
26	1010
27	1010
28	1010
29	1010
30	1010
31	1010
32	1010
33	1010
34	1010
35	1010
36	1010
37	1010
38	1010
39	1010
0	62
1	79
2	111
3	576
4	534
5	975
6	1010
7	1010
8	1010
9	1010
10	1010
11	1010
12	1010
13	1010
14	1010
15	1010
16	1010
17	1010
18	1010
19	1010
20	1010
21	1010
22	1010
23	1010
24	1010
25	1010
26	1010
27	1010
28	1010
29	1010
30	1010
31	1010
32	1010
33	1010
34	1010
35	1010
36	1010
37	1010
38	1010
39	1010
0	60
1	47
2	58
3	85
4	91
5	155
6	199
7	285
8	411
9	488
10	751
11	1010
12	1010
13	1010
14	1010
15	1010
16	1010
17	1010
18	1010
19	1010
20	1010
21	1010
22	1010
23	1010
24	1010
25	1010
26	1010
27	1010
28	1010
29	1010
30	1010
31	1010
32	1010
33	1010
34	1010
35	1010
36	1010
37	1010
38	1010
39	1010
0	52
1	71
2	78
3	138
4	82
5	104
6	93
7	224
8	491
9	326
10	235
11	993
12	787
13	1010
14	1010
15	1010
16	1010
17	1010
18	1010
19	1010
20	1010
21	1010
22	1010
23	1010
24	1010
25	1010
26	1010
27	1010
28	1010
29	1010
30	1010
31	1010
32	1010
33	1010
34	1010
35	1010
36	1010
37	1010
38	1010
39	1010
0	74
1	90
2	89
3	84
4	137
5	104
6	157
7	152
8	162
9	281
10	323
11	294
12	1010
13	1010
14	1010
15	1010
16	1010
17	1010
18	1010
19	1010
20	1010
21	1010
22	1010
23	1010
24	1010
25	1010
26	1010
27	1010
28	1010
29	1010
30	1010
31	1010
32	1010
33	1010
34	1010
35	1010
36	1010
37	1010
38	1010
39	1010
0	86
1	58
2	153
3	225
4	140
5	128
6	254
7	129
8	546
9	658
10	421
11	529
12	936
13	719
14	1010
15	1010
16	1010
17	1010
18	1010
19	1010
20	1010
21	1010
22	1010
23	1010
24	1010
25	1010
26	1010
27	1010
28	1010
29	1010
30	1010
31	1010
32	1010
33	1010
34	1010
35	1010
36	1010
37	1010
38	1010
39	1010
0	52
1	83
2	94
3	131
4	111
5	127
6	113
7	237
8	356
9	1010
10	1010
11	1010
12	1010
13	1010
14	1010
15	1010
16	1010
17	1010
18	1010
19	1010
20	1010
21	1010
22	1010
23	1010
24	1010
25	1010
26	1010
27	1010
28	1010
29	1010
30	1010
31	1010
32	1010
33	1010
34	1010
35	1010
36	1010
37	1010
38	1010
39	1010
0	51
1	97
2	117
3	132
4	84
5	99
6	166
7	173
8	166
9	416
10	1010
11	1010
12	1004
13	1010
14	1010
15	1010
16	1010
17	1010
18	1010
19	1010
20	1010
21	1010
22	1010
23	1010
24	1010
25	1010
26	1010
27	1010
28	1010
29	1010
30	1010
31	1010
32	1010
33	1010
34	1010
35	1010
36	1010
37	1010
38	1010
39	1010
0	86
1	133
2	130
3	700
4	1010
5	1010
6	1010
7	1010
8	1010
9	1010
10	1010
11	1010
12	1010
13	1010
14	1010
15	1010
16	1010
17	1010
18	1010
19	1010
20	1010
21	1010
22	1010
23	1010
24	1010
25	1010
26	1010
27	1010
28	1010
29	1010
30	1010
31	1010
32	1010
33	1010
34	1010
35	1010
36	1010
37	1010
38	1010
39	1010
0	106
1	75
2	89
3	117
4	87
5	78
6	96
7	112
8	179
9	725
10	1010
11	1010
12	1010
13	1010
14	1010
15	1010
16	1010
17	1010
18	1010
19	1010
20	1010
21	1010
22	1010
23	1010
24	1010
25	1010
26	1010
27	1010
28	1010
29	1010
30	1010
31	1010
32	1010
33	1010
34	1010
35	1010
36	1010
37	1010
38	1010
39	1010
0	52
1	121
2	103
3	118
4	118
5	134
6	181
7	282
8	193
9	1010
10	1010
11	1010
12	1010
13	1010
14	1010
15	1010
16	1010
17	1010
18	1010
19	1010
20	1010
21	1010
22	1010
23	1010
24	1010
25	1010
26	1010
27	1010
28	1010
29	1010
30	1010
31	1010
32	1010
33	1010
34	1010
35	1010
36	1010
37	1010
38	1010
39	1010
0	42
1	59
2	176
3	197
4	1010
5	493
6	354
7	625
8	278
9	1010
10	1010
11	1010
12	1010
13	1010
14	1010
15	1010
16	1010
17	1010
18	1010
19	1010
20	1010
21	1010
22	1010
23	1010
24	1010
25	1010
26	1010
27	1010
28	1010
29	1010
30	1010
31	1010
32	1010
33	1010
34	1010
35	1010
36	1010
37	1010
38	1010
39	1010
0	51
1	73
2	162
3	237
4	117
5	356
6	379
7	1010
8	1010
9	1010
10	1010
11	1010
12	1010
13	1010
14	1010
15	1010
16	1010
17	1010
18	1010
19	1010
20	1010
21	1010
22	1010
23	1010
24	1010
25	1010
26	1010
27	1010
28	1010
29	1010
30	1010
31	1010
32	1010
33	1010
34	1010
35	1010
36	1010
37	1010
38	1010
39	1010
0	50
1	77
2	112
3	79
4	83
5	206
6	202
7	304
8	401
9	326
10	694
11	1010
12	899
13	1010
14	1010
15	1010
16	1010
17	1010
18	1010
19	1010
20	1010
21	1010
22	1010
23	1010
24	1010
25	1010
26	1010
27	1010
28	1010
29	1010
30	1010
31	1010
32	1010
33	1010
34	1010
35	1010
36	1010
37	1010
38	1010
39	1010
0	58
1	73
2	252
3	761
4	632
5	1010
6	1010
7	1010
8	1010
9	1010
10	1010
11	1010
12	1010
13	1010
14	1010
15	1010
16	1010
17	1010
18	1010
19	1010
20	606
21	1010
22	1010
23	1010
24	1010
25	1010
26	1010
27	1010
28	1010
29	1010
30	1010
31	1010
32	1010
33	1010
34	1010
35	1010
36	1010
37	1010
38	1010
39	1010
0	50
1	68
2	84
3	157
4	135
5	161
6	196
7	89
8	308
9	1010
10	926
11	1010
12	1010
13	1010
14	1010
15	1010
16	1010
17	1010
18	1010
19	1010
20	1010
21	1010
22	1010
23	1010
24	1010
25	1010
26	1010
27	1010
28	1010
29	1010
30	1010
31	1010
32	1010
33	1010
34	1010
35	1010
36	1010
37	1010
38	1010
39	1010
0	75
1	74
2	90
3	90
4	94
5	71
6	84
7	100
8	124
9	674
10	765
11	1010
12	1010
13	1010
14	1010
15	1010
16	1010
17	1010
18	1010
19	1010
20	1010
21	1010
22	1010
23	1010
24	1010
25	1010
26	1010
27	1010
28	1010
29	1010
30	1010
31	1010
32	1010
33	1010
34	1010
35	1010
36	1010
37	1010
38	1010
39	1010
0	54
1	71
2	139
3	132
4	467
5	343
6	785
7	1010
8	1010
9	1010
10	1010
11	1010
12	1010
13	1010
14	1010
15	1010
16	1010
17	1010
18	1010
19	1010
20	1010
21	1010
22	1010
23	1010
24	1010
25	1010
26	1010
27	1010
28	1010
29	1010
30	1010
31	1010
32	1010
33	1010
34	1010
35	1010
36	1010
37	1010
38	1010
39	1010
0	74
1	96
2	61
3	64
4	119
5	63
6	95
7	119
8	125
9	228
10	194
11	961
12	711
13	1010
14	1010
15	1010
16	1010
17	1010
18	1010
19	1010
20	1010
21	1010
22	1010
23	1010
24	1010
25	1010
26	1010
27	1010
28	1010
29	1010
30	1010
31	1010
32	1010
33	1010
34	1010
35	1010
36	1010
37	1010
38	1010
39	1010
0	51
1	61
2	81
3	131
4	160
5	926
6	1010
7	483
8	1010
9	1010
10	1010
11	1010
12	1010
13	1010
14	1010
15	1010
16	1010
17	1010
18	1010
19	1010
20	1010
21	1010
22	1010
23	1010
24	1010
25	1010
26	1010
27	1010
28	1010
29	1010
30	1010
31	1010
32	1010
33	1010
34	1010
35	1010
36	1010
37	1010
38	1010
39	1010
0	72
1	73
2	81
3	91
4	71
5	252
6	170
7	820
8	1010
9	1010
10	942
11	1010
12	1010
13	1010
14	1010
15	1010
16	1010
17	1010
18	1010
19	1010
20	1010
21	1010
22	1010
23	1010
24	1010
25	1010
26	1010
27	1010
28	1010
29	1010
30	1010
31	1010
32	1010
33	1010
34	1010
35	1010
36	1010
37	1010
38	1010
39	1010
0	52
1	55
2	54
3	75
4	393
5	897
6	1010
7	1010
8	1010
9	1010
10	1010
11	1010
12	1010
13	1010
14	1010
15	1010
16	1010
17	1010
18	1010
19	1010
20	1010
21	1010
22	1010
23	1010
24	1010
25	1010
26	1010
27	1010
28	1010
29	1010
30	1010
31	1010
32	1010
33	1010
34	1010
35	1010
36	1010
37	1010
38	1010
39	1010
0	52
1	151
2	307
3	220
4	380
5	823
6	1010
7	1010
8	1010
9	1010
10	1010
11	1010
12	1010
13	1010
14	1010
15	1010
16	1010
17	1010
18	1010
19	1010
20	1010
21	1010
22	1010
23	1010
24	1010
25	1010
26	1010
27	1010
28	1010
29	1010
30	1010
31	1010
32	1010
33	1010
34	1010
35	1010
36	1010
37	1010
38	1010
39	1010
0	71
1	149
2	105
3	433
4	1010
5	1010
6	1010
7	1010
8	1010
9	1010
10	1010
11	1010
12	1010
13	1010
14	1010
15	1010
16	1010
17	1010
18	1010
19	1010
20	1010
21	1010
22	1010
23	1010
24	1010
25	1010
26	1010
27	1010
28	1010
29	1010
30	1010
31	1010
32	1010
33	1010
34	1010
35	1010
36	1010
37	1010
38	1010
39	1010
0	58
1	57
2	80
3	132
4	399
5	176
6	358
7	1010
8	1010
9	1010
10	1010
11	1010
12	1010
13	1010
14	1010
15	1010
16	1010
17	1010
18	1010
19	1010
20	1010
21	1010
22	1010
23	1010
24	1010
25	1010
26	1010
27	1010
28	1010
29	1010
30	1010
31	1010
32	1010
33	1010
34	1010
35	1010
36	1010
37	1010
38	1010
39	1010
0	66
1	80
2	80
3	132
4	246
5	1010
6	1010
7	1010
8	882
9	1010
10	822
11	1010
12	1010
13	1010
14	1010
15	1010
16	1010
17	1010
18	1010
19	1010
20	1010
21	1010
22	1010
23	1010
24	1010
25	1010
26	1010
27	1010
28	1010
29	1010
30	1010
31	1010
32	1010
33	1010
34	1010
35	1010
36	1010
37	1010
38	1010
39	1010
0	86
1	81
2	195
3	137
4	114
5	127
6	329
7	767
8	1010
9	1010
10	1010
11	1010
12	1010
13	1010
14	1010
15	1010
16	1010
17	1010
18	1010
19	1010
20	1010
21	1010
22	1010
23	1010
24	1010
25	1010
26	1010
27	1010
28	1010
29	1010
30	1010
31	1010
32	1010
33	1010
34	1010
35	1010
36	1010
37	1010
38	1010
39	1010
0	66
1	64
2	157
3	182
4	975
5	1010
6	1010
7	1010
8	1010
9	1010
10	1010
11	1010
12	1010
13	1010
14	1010
15	1010
16	1010
17	1010
18	1010
19	1010
20	1010
21	1010
22	1010
23	1010
24	1010
25	1010
26	1010
27	1010
28	1010
29	1010
30	1010
31	1010
32	1010
33	1010
34	1010
35	1010
36	1010
37	1010
38	1010
39	1010
0	68
1	81
2	215
3	117
4	187
5	494
6	422
7	1010
8	1010
9	1010
10	1010
11	1010
12	1010
13	1010
14	1010
15	1010
16	1010
17	1010
18	1010
19	1010
20	1010
21	1010
22	1010
23	1010
24	1010
25	1010
26	1010
27	1010
28	1010
29	1010
30	1010
31	1010
32	1010
33	1010
34	1010
35	1010
36	1010
37	1010
38	1010
39	1010
0	86
1	97
2	120
3	1010
4	1010
5	1010
6	425
7	1010
8	1010
9	1010
10	1010
11	1010
12	1010
13	1010
14	1010
15	1010
16	1010
17	1010
18	1010
19	1010
20	1010
21	1010
22	1010
23	1010
24	1010
25	1010
26	1010
27	1010
28	1010
29	1010
30	1010
31	1010
32	1010
33	1010
34	1010
35	1010
36	1010
37	1010
38	1010
39	1010
0	67
1	57
2	116
3	732
4	1010
5	1010
6	1010
7	1010
8	1010
9	1010
10	1010
11	1010
12	1010
13	1010
14	1010
15	1010
16	1010
17	1010
18	1010
19	1010
20	1010
21	1010
22	1010
23	1010
24	1010
25	1010
26	1010
27	1010
28	1010
29	1010
30	1010
31	1010
32	1010
33	1010
34	1010
35	1010
36	1010
37	1010
38	1010
39	1010
0	50
1	70
2	137
3	263
4	532
5	1010
6	1010
7	1010
8	1010
9	1010
10	1010
11	1010
12	1010
13	1010
14	1010
15	1010
16	1010
17	1010
18	1010
19	1010
20	1010
21	1010
22	1010
23	1010
24	1010
25	1010
26	1010
27	1010
28	1010
29	1010
30	1010
31	1010
32	1010
33	1010
34	1010
35	1010
36	1010
37	1010
38	1010
39	1010
0	63
1	67
2	246
3	300
4	443
5	1010
6	918
7	664
8	1010
9	1010
10	1010
11	1010
12	1010
13	1010
14	1010
15	1010
16	1010
17	1010
18	1010
19	1010
20	1010
21	1010
22	1010
23	1010
24	1010
25	1010
26	1010
27	1010
28	1010
29	1010
30	1010
31	1010
32	1010
33	1010
34	1010
35	1010
36	1010
37	1010
38	1010
39	1010
0	53
1	93
2	98
3	102
4	85
5	203
6	381
7	1010
8	1010
9	1010
10	1010
11	1010
12	1010
13	1010
14	1010
15	1010
16	1010
17	1010
18	1010
19	1010
20	1010
21	1010
22	1010
23	1010
24	1010
25	1010
26	1010
27	1010
28	1010
29	1010
30	1010
31	1010
32	1010
33	1010
34	1010
35	1010
36	1010
37	1010
38	1010
39	1010
0	74
1	48
2	62
3	229
4	374
5	531
6	454
7	1010
8	1010
9	1010
10	1010
11	1010
12	1010
13	1010
14	1010
15	1010
16	1010
17	1010
18	1010
19	1010
20	1010
21	1010
22	1010
23	1010
24	1010
25	1010
26	1010
27	1010
28	1010
29	1010
30	1010
31	1010
32	1010
33	1010
34	1010
35	1010
36	1010
37	1010
38	1010
39	1010
0	83
1	79
2	100
3	202
4	198
5	112
6	223
7	446
8	1010
9	1010
10	1010
11	1010
12	1010
13	1010
14	1010
15	762
16	1010
17	1010
18	1010
19	1010
20	1010
21	1010
22	1010
23	1010
24	1010
25	1010
26	1010
27	1010
28	1010
29	1010
30	1010
31	1010
32	1010
33	1010
34	1010
35	1010
36	1010
37	1010
38	1010
39	1010
0	55
1	68
2	98
3	159
4	368
5	1010
6	1010
7	1010
8	1010
9	1010
10	1010
11	1010
12	1010
13	1010
14	1010
15	1010
16	1010
17	475
18	1010
19	1010
20	1010
21	1010
22	1010
23	1010
24	1010
25	1010
26	1010
27	1010
28	1010
29	1010
30	1010
31	1010
32	1010
33	1010
34	1010
35	1010
36	1010
37	1010
38	1010
39	1010
0	87
1	60
2	88
3	138
4	466
5	234
6	559
7	1010
8	1010
9	1010
10	1010
11	1010
12	1010
13	1010
14	1010
15	1010
16	1010
17	1010
18	1010
19	1010
20	1010
21	1010
22	1010
23	1010
24	1010
25	1010
26	1010
27	1010
28	1010
29	1010
30	1010
31	1010
32	1010
33	1010
34	1010
35	1010
36	1010
37	1010
38	1010
39	1010
0	54
1	60
2	87
3	276
4	335
5	809
6	664
7	1010
8	1010
9	1010
10	1010
11	1010
12	1010
13	1010
14	1010
15	1010
16	1010
17	1010
18	1010
19	1010
20	1010
21	1010
22	1010
23	1010
24	1010
25	1010
26	1010
27	1010
28	1010
29	1010
30	1010
31	1010
32	1010
33	1010
34	1010
35	1010
36	1010
37	1010
38	1010
39	1010
0	62
1	187
2	103
3	222
4	595
5	805
6	1010
7	1010
8	1010
9	1010
10	1010
11	1010
12	1010
13	1010
14	1010
15	1010
16	1010
17	1010
18	1010
19	1010
20	1010
21	1010
22	1010
23	1010
24	1010
25	1010
26	1010
27	1010
28	1010
29	1010
30	1010
31	1010
32	1010
33	1010
34	1010
35	1010
36	1010
37	1010
38	1010
39	1010
0	48
1	99
2	87
3	85
4	105
5	124
6	233
7	225
8	231
9	475
10	1010
11	1010
12	1010
13	1010
14	1010
15	1010
16	1010
17	1010
18	1010
19	1010
20	1010
21	1010
22	1010
23	1010
24	1010
25	1010
26	1010
27	1010
28	1010
29	1010
30	1010
31	1010
32	1010
33	1010
34	1010
35	1010
36	1010
37	1010
38	1010
39	1010
0	90
1	74
2	116
3	133
4	113
5	341
6	1010
7	1010
8	1010
9	1010
10	1010
11	1010
12	1010
13	1010
14	1010
15	1010
16	1010
17	1010
18	1010
19	1010
20	1010
21	1010
22	1010
23	1010
24	1010
25	1010
26	1010
27	1010
28	1010
29	1010
30	1010
31	1010
32	1010
33	1010
34	555
35	498
36	1010
37	1010
38	1010
39	1010
0	53
1	58
2	135
3	123
4	257
5	961
6	426
7	1010
8	1010
9	1010
10	1010
11	1010
12	1010
13	1010
14	1010
15	1010
16	1010
17	1010
18	1010
19	1010
20	1010
21	1010
22	1010
23	1010
24	1010
25	1010
26	1010
27	1010
28	1010
29	1010
30	1010
31	1010
32	1010
33	1010
34	1010
35	1010
36	1010
37	1010
38	1010
39	1010
0	61
1	86
2	68
3	73
4	467
5	1010
6	1010
7	1010
8	1010
9	1010
10	1010
11	1010
12	1010
13	1010
14	1010
15	1010
16	1010
17	1010
18	1010
19	1010
20	1010
21	1010
22	1010
23	1010
24	1010
25	1010
26	1010
27	1010
28	1010
29	1010
30	1010
31	1010
32	1010
33	1010
34	1010
35	1010
36	1010
37	1010
38	1010
39	1010
0	45
1	60
2	134
3	138
4	140
5	1010
6	561
7	1010
8	1010
9	1010
10	1010
11	1010
12	1010
13	1010
14	1010
15	1010
16	1010
17	1010
18	1010
19	1010
20	1010
21	1010
22	1010
23	1010
24	1010
25	1010
26	1010
27	1010
28	1010
29	1010
30	1010
31	1010
32	1010
33	1010
34	1010
35	1010
36	1010
37	1010
38	1010
39	1010
0	47
1	82
2	128
3	134
4	205
5	518
6	1010
7	1010
8	1010
9	1010
10	1010
11	1010
12	1010
13	1010
14	1010
15	1010
16	1010
17	1010
18	1010
19	1010
20	1010
21	1010
22	1010
23	1010
24	1010
25	1010
26	1010
27	1010
28	1010
29	1010
30	1010
31	1010
32	1010
33	1010
34	1010
35	1010
36	1010
37	1010
38	1010
39	1010
0	69
1	80
2	165
3	105
4	282
5	230
6	757
7	985
8	1010
9	1010
10	1010
11	1010
12	1010
13	1010
14	1010
15	1010
16	1010
17	1010
18	1010
19	1010
20	1010
21	1010
22	1010
23	1010
24	1010
25	1010
26	1010
27	1010
28	1010
29	1010
30	1010
31	1010
32	1010
33	1010
34	1010
35	1010
36	1010
37	1010
38	1010
39	1010
0	99
1	114
2	66
3	246
4	333
5	1010
6	1010
7	1010
8	1010
9	1010
10	1010
11	1010
12	1010
13	1010
14	1010
15	1010
16	1010
17	1010
18	1010
19	1010
20	1010
21	1010
22	1010
23	1010
24	1010
25	1010
26	1010
27	1010
28	1010
29	1010
30	1010
31	1010
32	1010
33	1010
34	1010
35	1010
36	1010
37	1010
38	1010
39	1010
0	72
1	77
2	141
3	124
4	298
5	532
6	1010
7	1010
8	1010
9	1010
10	1010
11	1010
12	1010
13	1010
14	1010
15	1010
16	1010
17	1010
18	1010
19	1010
20	1010
21	1010
22	1010
23	1010
24	1010
25	1010
26	1010
27	1010
28	1010
29	1010
30	1010
31	1010
32	1010
33	1010
34	1010
35	1010
36	1010
37	1010
38	1010
39	1010
0	49
1	101
2	233
3	375
4	681
5	1010
6	1010
7	1010
8	1010
9	1010
10	1010
11	1010
12	1010
13	1010
14	1010
15	1010
16	1010
17	1010
18	1010
19	1010
20	1010
21	1010
22	1010
23	1010
24	1010
25	1010
26	1010
27	1010
28	1010
29	1010
30	1010
31	1010
32	1010
33	1010
34	1010
35	1010
36	1010
37	1010
38	1010
39	1010
0	73
1	61
2	146
3	370
4	146
5	1010
6	1010
7	1010
8	1010
9	1010
10	1010
11	1010
12	1010
13	1010
14	1010
15	1010
16	1010
17	1010
18	1010
19	1010
20	1010
21	1010
22	1010
23	1010
24	1010
25	1010
26	1010
27	1010
28	1010
29	1010
30	1010
31	1010
32	1010
33	1010
34	1010
35	1010
36	1010
37	1010
38	1010
39	1010
0	80
1	53
2	79
3	79
4	200
5	126
6	280
7	339
8	1010
9	1010
10	1010
11	1010
12	1010
13	1010
14	1010
15	1010
16	1010
17	1010
18	1010
19	1010
20	1010
21	1010
22	1010
23	1010
24	1010
25	1010
26	1010
27	1010
28	1010
29	1010
30	1010
31	1010
32	1010
33	1010
34	1010
35	1010
36	1010
37	1010
38	1010
39	1010
0	74
1	60
2	92
3	135
4	542
5	331
6	707
7	820
8	1010
9	1010
10	1010
11	1010
12	1010
13	1010
14	1010
15	1010
16	1010
17	1010
18	1010
19	1010
20	1010
21	1010
22	1010
23	1010
24	1010
25	1010
26	1010
27	1010
28	1010
29	1010
30	1010
31	1010
32	1010
33	1010
34	1010
35	1010
36	1010
37	1010
38	1010
39	1010
0	66
1	97
2	275
3	160
4	1010
5	1010
6	1010
7	1010
8	1010
9	1010
10	1010
11	1010
12	1010
13	1010
14	1010
15	1010
16	1010
17	1010
18	1010
19	1010
20	1010
21	1010
22	1010
23	1010
24	1010
25	1010
26	1010
27	1010
28	1010
29	1010
30	1010
31	1010
32	1010
33	1010
34	1010
35	1010
36	1010
37	1010
38	1010
39	1010
0	54
1	202
2	136
3	245
4	510
5	864
6	1010
7	1010
8	1010
9	1010
10	1010
11	1010
12	1010
13	1010
14	1010
15	1010
16	1010
17	1010
18	1010
19	1010
20	1010
21	1010
22	1010
23	1010
24	1010
25	1010
26	1010
27	1010
28	1010
29	1010
30	1010
31	1010
32	1010
33	1010
34	1010
35	1010
36	1010
37	1010
38	1010
39	1010
0	52
1	92
2	109
3	1004
4	1010
5	1010
6	1010
7	1010
8	1010
9	1010
10	1010
11	1010
12	1010
13	1010
14	1010
15	1010
16	1010
17	1010
18	1010
19	1010
20	1010
21	1010
22	1010
23	1010
24	1010
25	1010
26	1010
27	1010
28	1010
29	1010
30	1010
31	1010
32	1010
33	1010
34	1010
35	1010
36	1010
37	1010
38	1010
39	1010
0	50
1	109
2	113
3	183
4	174
5	798
6	737
7	1010
8	1010
9	1010
10	1010
11	1010
12	1010
13	1010
14	1010
15	1010
16	1010
17	1010
18	1010
19	1010
20	1010
21	1010
22	1010
23	1010
24	1010
25	1010
26	1010
27	1010
28	1010
29	1010
30	1010
31	1010
32	1010
33	1010
34	1010
35	1010
36	1010
37	1010
38	1010
39	1010
0	70
1	54
2	163
3	340
4	1010
5	1010
6	1010
7	1010
8	1010
9	1010
10	1010
11	1010
12	1010
13	1010
14	1010
15	1010
16	1010
17	1010
18	1010
19	1010
20	1010
21	1010
22	1010
23	1010
24	1010
25	1010
26	1010
27	1010
28	1010
29	1010
30	1010
31	1010
32	1010
33	1010
34	1010
35	1010
36	1010
37	1010
38	1010
39	1010
0	53
1	72
2	78
3	109
4	1010
5	1010
6	1010
7	1010
8	1010
9	1010
10	1010
11	1010
12	1010
13	1010
14	1010
15	1010
16	1010
17	1010
18	1010
19	1010
20	1010
21	1010
22	1010
23	1010
24	1010
25	1010
26	1010
27	1010
28	1010
29	1010
30	1010
31	1010
32	1010
33	1010
34	1010
35	1010
36	1010
37	1010
38	1010
39	1010
0	72
1	70
2	190
3	115
4	341
5	937
6	1010
7	1010
8	1010
9	1010
10	1010
11	1010
12	1010
13	1010
14	1010
15	1010
16	1010
17	1010
18	1010
19	1010
20	1010
21	1010
22	1010
23	1010
24	1010
25	1010
26	1010
27	1010
28	1010
29	1010
30	1010
31	1010
32	1010
33	1010
34	1010
35	1010
36	1010
37	1010
38	1010
39	1010
0	91
1	103
2	61
3	104
4	142
5	171
6	161
7	284
8	397
9	1010
10	1010
11	1010
12	1010
13	1010
14	1010
15	1010
16	1010
17	1010
18	1010
19	1010
20	1010
21	1010
22	1010
23	1010
24	1010
25	1010
26	1010
27	1010
28	1010
29	1010
30	1010
31	1010
32	1010
33	1010
34	1010
35	1010
36	1010
37	1010
38	1010
39	1010
0	77
1	75
2	106
3	391
4	571
5	651
6	1010
7	508
8	1010
9	1010
10	1010
11	1010
12	1010
13	1010
14	1010
15	1010
16	1010
17	1010
18	1010
19	1010
20	1010
21	1010
22	1010
23	1010
24	1010
25	1010
26	1010
27	1010
28	1010
29	1010
30	1010
31	1010
32	1010
33	1010
34	1010
35	1010
36	1010
37	1010
38	1010
39	1010
0	85
1	115
2	332
3	944
4	1010
5	1010
6	1010
7	1010
8	1010
9	1010
10	1010
11	1010
12	1010
13	1010
14	1010
15	1010
16	1010
17	1010
18	1010
19	1010
20	1010
21	1010
22	1010
23	1010
24	1010
25	1010
26	1010
27	1010
28	1010
29	1010
30	1010
31	1010
32	1010
33	1010
34	1010
35	1010
36	1010
37	1010
38	1010
39	1010
0	98
1	219
2	186
3	244
4	136
5	500
6	690
7	1010
8	1010
9	1010
10	1010
11	1010
12	1010
13	1010
14	1010
15	1010
16	1010
17	1010
18	1010
19	1010
20	1010
21	1010
22	1010
23	1010
24	1010
25	1010
26	1010
27	1010
28	1010
29	1010
30	1010
31	1010
32	1010
33	1010
34	1010
35	1010
36	1010
37	1010
38	1010
39	1010
0	49
1	59
2	103
3	192
4	157
5	226
6	604
7	1010
8	1010
9	1010
10	1010
11	1010
12	1010
13	1010
14	1010
15	1010
16	1010
17	1010
18	1010
19	1010
20	1010
21	1010
22	1010
23	1010
24	1010
25	1010
26	1010
27	1010
28	1010
29	1010
30	1010
31	1010
32	1010
33	1010
34	1010
35	1010
36	1010
37	1010
38	1010
39	1010
0	75
1	89
2	94
3	188
4	951
5	1010
6	1010
7	1010
8	1010
9	1010
10	1010
11	1010
12	1010
13	1010
14	1010
15	1010
16	1010
17	1010
18	1010
19	1010
20	1010
21	1010
22	1010
23	1010
24	1010
25	1010
26	1010
27	1010
28	1010
29	1010
30	1010
31	1010
32	1010
33	1010
34	1010
35	1010
36	1010
37	1010
38	1010
39	1010
0	44
1	77
2	116
3	388
4	567
5	1010
6	1010
7	1010
8	1010
9	1010
10	1010
11	1010
12	1010
13	1010
14	1010
15	1010
16	1010
17	1010
18	1010
19	1010
20	1010
21	1010
22	1010
23	1010
24	1010
25	1010
26	1010
27	1010
28	1010
29	1010
30	1010
31	1010
32	1010
33	1010
34	1010
35	1010
36	1010
37	1010
38	1010
39	1010
0	53
1	54
2	69
3	133
4	189
5	1010
6	1010
7	1010
8	1010
9	1010
10	1010
11	1010
12	1010
13	1010
14	1010
15	1010
16	1010
17	1010
18	1010
19	1010
20	1010
21	1010
22	1010
23	1010
24	1010
25	1010
26	1010
27	1010
28	1010
29	1010
30	1010
31	1010
32	1010
33	1010
34	1010
35	1010
36	1010
37	1010
38	1010
39	1010
0	69
1	151
2	196
3	197
4	410
5	828
6	1010
7	1010
8	1010
9	1010
10	1010
11	1010
12	1010
13	1010
14	1010
15	1010
16	1010
17	1010
18	1010
19	1010
20	1010
21	1010
22	1010
23	1010
24	1010
25	1010
26	1010
27	1010
28	1010
29	1010
30	1010
31	1010
32	1010
33	1010
34	1010
35	1010
36	1010
37	1010
38	1010
39	1010
0	67
1	77
2	633
3	338
4	567
5	1010
6	1010
7	1010
8	1010
9	1010
10	1010
11	1010
12	1010
13	1010
14	1010
15	1010
16	1010
17	1010
18	1010
19	1010
20	1010
21	1010
22	1010
23	1010
24	1010
25	1010
26	1010
27	1010
28	1010
29	1010
30	1010
31	1010
32	1010
33	1010
34	1010
35	1010
36	1010
37	1010
38	1010
39	1010
0	57
1	72
2	116
3	275
4	1010
5	1010
6	1010
7	1010
8	1010
9	1010
10	1010
11	1010
12	1010
13	1010
14	1010
15	1010
16	1010
17	1010
18	1010
19	1010
20	1010
21	1010
22	1010
23	1010
24	1010
25	1010
26	1010
27	1010
28	1010
29	1010
30	1010
31	1010
32	1010
33	1010
34	1010
35	1010
36	1010
37	1010
38	1010
39	1010
0	74
1	68
2	153
3	312
4	1010
5	1010
6	1010
7	1010
8	1010
9	1010
10	1010
11	1010
12	1010
13	1010
14	1010
15	1010
16	1010
17	1010
18	1010
19	1010
20	1010
21	1010
22	1010
23	1010
24	1010
25	1010
26	1010
27	1010
28	1010
29	1010
30	1010
31	1010
32	1010
33	1010
34	1010
35	1010
36	1010
37	1010
38	1010
39	1010
0	51
1	111
2	152
3	199
4	995
5	487
6	1010
7	1010
8	1010
9	1010
10	1010
11	1010
12	1010
13	1010
14	1010
15	1010
16	1010
17	1010
18	1010
19	1010
20	1010
21	1010
22	1010
23	1010
24	1010
25	1010
26	1010
27	1010
28	1010
29	1010
30	1010
31	1010
32	1010
33	1010
34	1010
35	1010
36	1010
37	1010
38	1010
39	1010
0	61
1	88
2	73
3	155
4	319
5	1010
6	1010
7	1010
8	1010
9	1010
10	1010
11	1010
12	1010
13	1010
14	1010
15	1010
16	1010
17	1010
18	1010
19	1010
20	1010
21	1010
22	1010
23	1010
24	1010
25	1010
26	1010
27	1010
28	1010
29	1010
30	1010
31	1010
32	1010
33	1010
34	1010
35	1010
36	1010
37	1010
38	1010
39	1010
0	77
1	60
2	108
3	95
4	120
5	536
6	691
7	952
8	1010
9	1010
10	1010
11	1010
12	1010
13	1010
14	1010
15	1010
16	1010
17	1010
18	1010
19	1010
20	1010
21	1010
22	1010
23	1010
24	1010
25	1010
26	1010
27	1010
28	1010
29	1010
30	1010
31	1010
32	1010
33	1010
34	1010
35	1010
36	1010
37	1010
38	1010
39	1010
0	48
1	107
2	375
3	562
4	1010
5	1010
6	1010
7	1010
8	1010
9	1010
10	1010
11	1010
12	1010
13	1010
14	1010
15	1010
16	1010
17	1010
18	1010
19	1010
20	1010
21	1010
22	1010
23	1010
24	1010
25	1010
26	1010
27	1010
28	1010
29	1010
30	1010
31	1010
32	1010
33	1010
34	1010
35	1010
36	1010
37	1010
38	1010
39	1010
0	61
1	170
2	225
3	246
4	881
5	1010
6	1010
7	544
8	1010
9	1010
10	1010
11	1010
12	1010
13	1010
14	1010
15	1010
16	1010
17	1010
18	1010
19	1010
20	1010
21	1010
22	1010
23	1010
24	1010
25	1010
26	1010
27	1010
28	1010
29	1010
30	1010
31	1010
32	1010
33	1010
34	1010
35	1010
36	1010
37	1010
38	1010
39	1010
0	68
1	239
2	225
3	1010
4	1010
5	1010
6	1010
7	1010
8	1010
9	1010
10	1010
11	1010
12	1010
13	1010
14	1010
15	1010
16	1010
17	1010
18	1010
19	1010
20	1010
21	1010
22	1010
23	1010
24	1010
25	1010
26	1010
27	1010
28	1010
29	1010
30	1010
31	1010
32	1010
33	1010
34	1010
35	1010
36	1010
37	1010
38	1010
39	1010
0	63
1	85
2	113
3	225
4	1010
5	1010
6	1010
7	1010
8	1010
9	1010
10	1010
11	1010
12	1010
13	1010
14	1010
15	1010
16	1010
17	1010
18	1010
19	1010
20	1010
21	1010
22	1010
23	1010
24	1010
25	1010
26	1010
27	1010
28	1010
29	1010
30	1010
31	1010
32	1010
33	1010
34	1010
35	1010
36	1010
37	1010
38	1010
39	1010
0	73
1	95
2	200
3	241
4	461
5	1010
6	1010
7	1010
8	1010
9	1010
10	1010
11	1010
12	1010
13	1010
14	1010
15	1010
16	1010
17	1010
18	1010
19	1010
20	1010
21	1010
22	1010
23	1010
24	1010
25	1010
26	1010
27	1010
28	1010
29	1010
30	1010
31	1010
32	1010
33	1010
34	1010
35	1010
36	1010
37	1010
38	1010
39	1010
0	54
1	134
2	131
3	249
4	1010
5	1010
6	1010
7	1010
8	1010
9	1010
10	1010
11	1010
12	1010
13	1010
14	1010
15	1010
16	1010
17	1010
18	1010
19	1010
20	1010
21	1010
22	1010
23	1010
24	1010
25	1010
26	1010
27	1010
28	1010
29	1010
30	1010
31	1010
32	1010
33	1010
34	1010
35	1010
36	1010
37	1010
38	1010
39	1010
