0	0.0802654
1	0.0461836
2	0.156785
3	0.0152886
4	0.469968
5	0.464942
6	0.950104
7	0.768556
8	1.54908
9	1.45045
10	1.91959
11	1.69852
12	2.04718
13	1.60714
14	2.14165
15	1.55301
16	2.54902
17	2.21428
18	2.04247
19	1.85553
20	2.5731
21	2.4075
22	2.40179
23	2.1244
24	2.62903
25	2.62698
26	2.97803
27	2.36019
28	3.30716
29	3.19924
30	3.141
31	3.12178
32	3.42415
33	3.37521
34	3.19956
35	3.15049
36	2.90641
37	2.89132
38	3.58421
39	3.41667
40	3.90655
41	3.41683
42	3.73404
43	3.72765
44	4.05835
45	3.53855
46	4.16059
47	3.90317
48	3.691
49	3.6637
50	4.09936
51	3.34935
52	3.95354
53	3.76395
54	4.08478
55	3.75666
56	3.72349
57	3.35559
58	3.76689
59	3.7658
60	3.71239
61	3.67792
62	3.6337
63	3.48205
64	3.82374
65	3.79764
66	3.88891
67	3.8479
68	3.94448
69	3.91868
70	4.29576
71	4.17194
72	4.12429
73	3.96765
74	4.01332
75	3.86574
76	4.20901
77	3.84119
78	4.14294
79	4.06857
0	0.463094
1	0.281177
2	0.237772
3	0.116548
4	1.03981
5	0.189482
6	1.28668
7	0.871858
8	1.22433
9	0.791618
10	0.94978
11	0.572947
12	1.17341
13	0.620734
14	1.59591
15	1.00572
16	1.58082
17	1.56473
18	1.88655
19	1.87997
20	2.82095
21	2.11433
22	2.98974
23	2.49538
24	2.07324
25	2.03073
26	3.37784
27	2.80999
28	3.55352
29	3.1787
30	3.06706
31	2.90776
32	2.95741
33	2.81106
34	3.27751
35	2.90749
36	3.27121
37	3.00172
38	3.19378
39	3.13289
40	3.40694
41	3.26905
42	3.45159
43	3.31808
44	3.74921
45	3.73297
46	3.82972
47	3.50992
48	3.41564
49	3.39845
50	3.81836
51	3.54169
52	4.09338
53	3.96956
54	4.23598
55	3.85161
56	4.15461
57	3.92711
58	3.92711
59	3.82752
60	3.78254
61	3.71846
62	4.0315
63	4.01885
64	4.33935
65	4.28554
66	4.16597
67	4.03473
68	4.10049
69	3.93733
70	4.33397
71	4.25654
72	4.2844
73	4.13158
74	4.25116
75	4.10764
76	4.25331
77	4.21439
78	4.09482
79	4.0718
0	0.331127
1	0.128557
2	0.356089
3	0.221606
4	0.859482
5	0.583502
6	1.36984
7	0.731671
8	0.786474
9	0.719685
10	0.847664
11	0.807857
12	0.71943
13	0.674121
14	1.32788
15	1.2163
16	1.84571
17	1.26121
18	2.00852
19	1.83067
20	2.55215
21	2.14193
22	2.26108
23	1.8902
24	2.32204
25	2.27698
26	3.29657
27	2.21158
28	2.60421
29	2.53092
30	3.33866
31	3.18879
32	3.45021
33	3.30136
34	3.34375
35	3.13951
36	3.93733
37	3.72355
38	3.58926
39	3.54728
40	3.86003
41	3.63971
42	3.8057
43	3.72021
44	3.71186
45	3.64229
46	3.86435
47	3.76771
48	3.99318
49	3.92259
50	3.72341
51	3.29987
52	3.89375
53	3.59871
54	3.95354
55	3.68286
56	3.93733
57	3.81047
58	4.23598
59	4.05835
60	3.78858
61	3.78812
62	3.9652
63	3.92113
64	3.99174
65	3.89782
66	4.13696
67	4.06373
68	3.92371
69	3.92275
70	3.92974
71	3.78359
72	4.07395
73	3.89751
74	4.26282
75	4.22575
76	4.29576
77	4.0718
78	4.08315
79	4.07777
0	0.994045
1	0.21277
2	0.520179
3	0.139685
4	0.680479
5	0.379111
6	1.40263
7	0.481004
8	1.97605
9	1.1362
10	1.30732
11	1.2167
12	1.80918
13	1.76385
14	1.89045
15	1.79129
16	2.12816
17	2.01681
18	1.96816
19	1.93606
20	2.42253
21	2.18558
22	1.93287
23	1.7245
24	2.07604
25	2.06411
26	2.63169
27	2.5548
28	2.54696
29	2.47311
30	3.19549
31	2.72264
32	3.64756
33	3.126
34	3.21764
35	2.84325
36	3.3797
37	2.99451
38	3.44998
39	2.99427
40	3.58591
41	3.27829
42	3.15935
43	3.09974
44	3.48689
45	3.41427
46	3.72807
47	3.62103
48	3.83682
49	3.68928
50	3.74921
51	3.65832
52	3.87571
53	3.49093
54	3.73173
55	3.73157
56	3.61622
57	3.56066
58	3.73051
59	3.6302
60	3.56047
61	3.36326
62	3.62949
63	3.49005
64	3.88045
65	3.8443
66	3.55496
67	3.40898
68	3.49517
69	3.41989
70	3.7811
71	3.65621
72	3.56518
73	3.44038
74	4.02935
75	3.75563
76	3.90248
77	3.57454
78	3.94331
79	3.66465
0	0.336468
1	0.24336
2	0.288302
3	0.117308
4	0.74493
5	0.191851
6	0.507574
7	0.334498
8	0.690255
9	0.50097
10	1.2101
11	0.645996
12	1.3389
13	1.09802
14	1.4533
15	1.42184
16	1.4811
17	1.32736
18	2.03572
19	1.5777
20	2.17492
21	1.96867
22	2.10621
23	1.83105
24	3.03404
25	2.84224
26	3.27385
27	2.98175
28	3.19434
29	2.87027
30	3.28869
31	3.20461
32	3.59113
33	3.42259
34	3.31962
35	3.24221
36	3.50423
37	3.2774
38	3.69805
39	3.5774
40	3.60233
41	3.51468
42	4.01025
43	3.70233
44	3.6866
45	3.51218
46	3.64584
47	3.57223
48	3.55496
49	3.47575
50	3.93733
51	3.64099
52	3.79979
53	3.68075
54	3.63239
55	3.60511
56	4.34533
57	3.96096
58	3.79764
59	3.67792
60	4.0788
61	3.89719
62	4.1008
63	4.02935
64	3.94562
65	3.92113
66	4.17081
67	3.97656
68	4.18217
69	4.08315
70	3.86097
71	3.85274
72	4.12352
73	4.01476
74	4.15999
75	4.03183
76	3.85302
77	3.79151
78	4.09542
79	3.86835
0	0.27503
1	0.199422
2	0.540657
3	0.514049
4	1.45649
5	0.215714
6	1.30585
7	0.72509
8	1.48246
9	1.10781
10	1.91858
11	1.77354
12	2.60623
13	2.4915
14	2.07795
15	1.36587
16	1.94459
17	1.69314
18	1.29192
19	1.22996
20	2.14686
21	1.61651
22	2.1443
23	1.95651
24	3.24896
25	3.05159
26	2.72406
27	2.71273
28	3.41959
29	3.13708
30	3.54031
31	3.4344
32	3.11729
33	3.08631
34	3.64041
35	3.37132
36	3.77531
37	3.75275
38	3.63097
39	3.58224
40	3.99258
41	3.30265
42	3.83294
43	3.80813
44	3.89489
45	3.46333
46	3.84252
47	3.75885
48	3.89273
49	3.71744
50	3.98806
51	3.7377
52	3.6961
53	3.43669
54	3.67446
55	3.4281
56	3.86732
57	3.55592
58	3.85321
59	3.59871
60	4.08913
61	4.02424
62	3.95498
63	3.91868
64	3.81308
65	3.66334
66	3.87508
67	3.70094
68	3.88891
69	3.80318
70	3.93004
71	3.57552
72	3.66381
73	3.41178
74	3.92259
75	3.50466
76	3.46191
77	3.23518
78	3.72391
79	3.6341
0	0.18989
1	0.148227
2	0.684607
3	0.612018
4	0.52996
5	0.152642
6	0.732093
7	0.494907
8	0.951339
9	0.567846
10	2.23666
11	1.68374
12	2.83697
13	1.21704
14	2.46987
15	2.06325
16	2.73483
17	2.69171
18	2.69343
19	2.44602
20	2.73968
21	2.59073
22	2.59347
23	2.58442
24	2.66062
25	2.53134
26	2.87019
27	2.49287
28	3.25518
29	3.11546
30	3.42241
31	3.07536
32	3.57851
33	3.54254
34	4.2306
35	3.64287
36	3.91123
37	3.79979
38	4.35877
39	4.02612
40	3.98254
41	3.92829
42	3.59855
43	3.53646
44	3.43928
45	3.42856
46	3.84968
47	3.42323
48	4.00281
49	3.9872
50	4.03359
51	3.79306
52	3.96765
53	3.84954
54	3.51262
55	3.24438
56	4.01563
57	3.58297
58	3.90702
59	3.86488
60	4.32799
61	3.76204
62	4.04657
63	4.03773
64	3.78667
65	3.78359
66	3.89782
67	3.81002
68	4.02015
69	3.87946
70	4.34419
71	4.02935
72	4.33397
73	3.90375
74	3.90636
75	3.87389
76	4.16145
77	3.77486
78	4.07718
79	3.99856
0	0.486905
1	0.17225
2	0.646819
3	-0.00673607
4	0.360301
5	0.128119
6	0.720273
7	0.610503
8	1.10802
9	0.851224
10	1.14852
11	1.00965
12	1.20554
13	1.05184
14	1.51376
15	1.41732
16	1.58405
17	1.57896
18	2.11641
19	1.40032
20	2.14266
21	1.8775
22	1.90689
23	1.86885
24	2.47548
25	2.15923
26	2.3094
27	2.26159
28	2.57755
29	2.50595
30	2.76316
31	2.73906
32	3.0632
33	2.88221
34	2.73895
35	2.64774
36	3.55028
37	3.34314
38	3.46747
39	3.02886
40	4.00002
41	3.52312
42	3.46885
43	3.31008
44	3.86152
45	3.40871
46	3.80509
47	3.35783
48	3.57889
49	3.29693
50	3.90317
51	3.87917
52	3.7215
53	3.6555
54	4.18217
55	4.11216
56	3.88544
57	3.88014
58	3.59085
59	3.47181
60	3.8971
61	3.7307
62	3.90655
63	3.54595
64	4.12836
65	4.08478
66	4.03473
67	3.95498
68	4.00412
69	3.97204
70	4.06405
71	3.9903
72	4.31663
73	4.18217
74	3.95046
75	3.93426
76	4.17679
77	4.15009
78	4.08315
79	4.05835
0	0.130144
1	0.0643864
2	0.368463
3	0.0348914
4	0.735185
5	0.315236
6	1.02139
7	0.8653
8	0.953057
9	0.922849
10	2.24079
11	1.02374
12	2.41492
13	1.913
14	2.3267
15	2.0798
16	2.35388
17	2.22903
18	2.93407
19	2.22279
20	3.04133
21	2.58687
22	3.74918
23	3.36107
24	3.47572
25	2.91941
26	3.7826
27	3.39218
28	3.98092
29	3.44999
30	3.61909
31	3.39726
32	4.21439
33	3.6925
34	4.38778
35	4.00879
36	3.71698
37	3.7087
38	3.39955
39	3.30673
40	3.96227
41	3.93965
42	3.77447
43	3.66974
44	4.07395
45	4.04247
46	3.96616
47	3.87987
48	4.00472
49	3.88191
50	3.85086
51	3.81922
52	3.78843
53	3.70823
54	3.76395
55	3.60441
56	4.04555
57	3.65882
58	4.11216
59	3.92711
60	3.97012
61	3.95775
62	3.96124
63	3.76204
64	3.82036
65	3.75943
66	4.40398
67	3.90117
68	3.89112
69	3.84808
70	4.1495
71	4.03228
72	3.99856
73	3.96227
74	4.18539
75	3.67484
76	4.30497
77	4.25116
78	4.0903
79	3.93965
0	0.502075
1	0.221456
2	0.239294
3	0.176291
4	0.546478
5	0.383982
6	0.64558
7	0.572605
8	1.21186
9	1.05971
10	2.62873
11	1.87742
12	2.2433
13	2.06219
14	2.71647
15	2.39824
16	2.83047
17	2.70754
18	3.15663
19	2.96903
20	3.2928
21	3.14891
22	3.00872
23	3.00541
24	3.33741
25	3.29679
26	3.51559
27	3.33151
28	3.75373
29	3.33938
30	3.49265
31	3.47301
32	3.78785
33	3.72688
34	3.36297
35	3.31868
36	3.81967
37	3.32826
38	3.44675
39	3.18585
40	3.6152
41	3.56677
42	4.04727
43	3.55931
44	3.97554
45	3.85292
46	3.98385
47	3.82036
48	3.78678
49	3.70687
50	4.04071
51	3.99837
52	3.99796
53	3.93733
54	3.88269
55	3.85499
56	3.949
57	3.8605
58	4.06398
59	3.99712
60	4.07395
61	3.86894
62	4.38778
63	4.11102
64	4.05835
65	3.94654
66	4.20901
67	4.14994
68	4.06259
69	3.87432
70	4.26282
71	4.04639
72	4.37642
73	4.05648
74	4.08722
75	4.06857
76	3.99856
77	3.99404
78	3.99712
79	3.97118
0	0.103739
1	0.0710974
2	0.260809
3	-0.000531246
4	0.723081
5	0.430522
6	0.826365
7	0.68572
8	1.05294
9	0.612055
10	0.702713
11	0.618218
12	1.11767
13	0.930504
14	1.78651
15	1.10832
16	2.27216
17	1.55267
18	2.39722
19	1.98664
20	2.55083
21	1.93051
22	2.16817
23	2.04081
24	2.61984
25	2.48797
26	2.53809
27	2.51815
28	2.72697
29	2.53739
30	3.29874
31	3.12634
32	3.21636
33	3.08004
34	3.38451
35	3.02387
36	3.87432
37	3.79434
38	3.78451
39	3.53844
40	3.73536
41	3.72865
42	3.53936
43	3.50771
44	4.13158
45	3.88525
46	3.75563
47	3.52011
48	3.76319
49	3.73483
50	3.95046
51	3.80754
52	3.77095
53	3.73269
54	3.87217
55	3.80813
56	4.00992
57	3.33341
58	3.87571
59	3.40232
60	3.60409
61	3.59026
62	3.78982
63	3.65235
64	3.75885
65	3.62681
66	4.02935
67	3.64761
68	4.13374
69	3.75812
70	4.12352
71	3.79151
72	4.16644
73	4.1008
74	4.22462
75	4.03635
76	3.96446
77	3.85321
78	3.95498
79	3.95046
0	0.0765912
1	0.0311338
2	0.0839338
3	0.0539097
4	0.669151
5	0.621049
6	0.298135
7	0.219253
8	0.765395
9	0.615519
10	1.2861
11	1.15897
12	0.888632
13	0.846302
14	1.3425
15	0.904912
16	1.59272
17	1.33617
18	1.87313
19	1.76868
20	2.10596
21	1.59706
22	2.44919
23	2.05898
24	1.99768
25	1.8041
26	2.57691
27	2.24346
28	2.96863
29	2.38225
30	2.43926
31	2.03713
32	2.5694
33	2.44665
34	3.28026
35	3.12647
36	3.27019
37	2.9922
38	3.65188
39	3.55222
40	3.78805
41	2.95018
42	3.46938
43	3.44626
44	3.38604
45	3.34232
46	3.67264
47	3.39206
48	3.83686
49	3.52198
50	3.95046
51	3.588
52	3.78147
53	3.7116
54	3.90203
55	3.80243
56	4.11831
57	4.0054
58	3.92414
59	3.85845
60	4.06857
61	4.02935
62	3.72282
63	3.65443
64	4.01476
65	3.82432
66	4.29899
67	3.80916
68	4.0034
69	3.48788
70	3.949
71	3.68437
72	4.60361
73	4.39375
74	4.27843
75	4.2306
76	4.16086
77	4.14892
78	4.17194
79	4.17081
0	0.147336
1	-0.00269384
2	0.158938
3	0.139343
4	0.726521
5	0.577357
6	0.781333
7	0.439223
8	0.479716
9	0.390099
10	0.751476
11	0.523439
12	1.42113
13	0.918927
14	1.28509
15	1.2199
16	1.73554
17	1.46569
18	2.23875
19	2.06972
20	2.39786
21	2.30811
22	2.36711
23	2.17363
24	3.53542
25	2.74392
26	2.9375
27	2.77518
28	3.52102
29	3.43407
30	3.57798
31	3.02158
32	3.64307
33	3.41105
34	3.88353
35	3.29303
36	3.41709
37	3.14737
38	3.58414
39	3.57611
40	3.6515
41	3.64159
42	3.95717
43	3.60033
44	4.22037
45	4.13858
46	3.91868
47	3.71014
48	4.20273
49	3.75666
50	4.05721
51	3.97656
52	3.82066
53	3.79441
54	3.71176
55	3.61428
56	4.19137
57	4.00734
58	3.9652
59	3.83686
60	4.09628
61	3.90794
62	4.02935
63	3.58575
64	3.80431
65	3.67964
66	3.71062
67	3.17907
68	3.98576
69	3.92275
70	4.06857
71	3.90655
72	3.99114
73	3.56198
74	3.83701
75	3.80944
76	4.19137
77	3.85951
78	4.2682
79	4.07395
0	0.137838
1	-0.0115679
2	0.200162
3	0.187266
4	0.312973
5	0.215538
6	0.418903
7	0.234151
8	0.612775
9	0.541927
10	0.472081
11	0.305408
12	0.693692
13	0.521731
14	1.20045
15	0.76499
16	1.82819
17	1.16917
18	1.9561
19	1.84399
20	2.18018
21	1.89136
22	2.58328
23	2.43217
24	3.32226
25	2.57857
26	3.04295
27	2.77815
28	2.85185
29	2.73582
30	2.81476
31	2.69659
32	2.76721
33	2.57906
34	3.18209
35	3.16282
36	3.51867
37	3.44761
38	3.81938
39	3.6968
40	4.13565
41	3.93426
42	3.74889
43	3.73829
44	3.78451
45	3.74835
46	4.01608
47	3.6862
48	3.84239
49	3.83978
50	3.86428
51	3.56128
52	3.809
53	3.80299
54	4.04771
55	3.83202
56	3.78917
57	3.61428
58	3.84224
59	3.75083
60	3.93733
61	3.58719
62	4.0718
63	4.02337
64	3.90117
65	3.82297
66	4.0101
67	3.97978
68	4.03635
69	3.4995
70	3.95039
71	3.90117
72	4.15461
73	4.10678
74	3.85274
75	3.6954
76	4.14294
77	3.87217
78	3.99258
79	3.91677
0	0.103928
1	0.011018
2	1.20311
3	0.156555
4	0.43626
5	0.414718
6	0.653048
7	0.623084
8	1.11919
9	0.978686
10	1.22214
11	1.1782
12	1.12099
13	1.083
14	1.35809
15	1.13264
16	1.75625
17	1.53868
18	1.8164
19	1.65384
20	2.22902
21	2.04432
22	2.7642
23	2.33591
24	2.76875
25	2.68179
26	2.8825
27	2.75261
28	3.59947
29	2.70467
30	3.80754
31	3.7767
32	3.77938
33	3.52975
34	3.57693
35	3.26793
36	3.25028
37	3.15826
38	3.55563
39	3.20287
40	3.22586
41	3.02399
42	3.61428
43	3.02164
44	3.949
45	3.94756
46	4.06857
47	4.0054
48	3.73895
49	3.68562
50	4.10061
51	3.95046
52	4.21439
53	4.17081
54	4.49599
55	3.91816
56	4.23598
57	3.93004
58	3.82692
59	3.79979
60	3.91661
61	3.91339
62	4.08315
63	3.66894
64	3.81161
65	3.54569
66	4.03183
67	3.97752
68	4.05093
69	3.75519
70	3.88477
71	3.7635
72	4.26282
73	4.06857
74	3.88045
75	3.76073
76	3.67964
77	3.65849
78	4.00454
79	3.76993
0	0.554697
1	0.375141
2	0.832585
3	0.504677
4	0.709101
5	0.574037
6	0.576041
7	0.418973
8	1.51426
9	0.782724
10	1.4963
11	1.15555
12	2.12609
13	1.09508
14	1.73499
15	1.38773
16	1.23585
17	1.08928
18	2.09025
19	1.25402
20	1.30426
21	1.2063
22	1.59403
23	1.52343
24	3.04683
25	1.99826
26	2.7031
27	2.30567
28	3.3722
29	3.23333
30	3.32773
31	3.15837
32	3.27536
33	2.50223
34	3.21185
35	2.94325
36	3.66856
37	3.49204
38	3.38766
39	3.21559
40	3.10739
41	3.05553
42	3.22344
43	3.19776
44	3.45749
45	3.22964
46	3.20336
47	2.89639
48	3.32388
49	3.21739
50	3.87432
51	3.4835
52	3.98268
53	3.93327
54	3.04698
55	2.95984
56	3.5067
57	3.43971
58	4.1833
59	3.4443
60	3.75182
61	3.56886
62	4.38778
63	3.89605
64	4.04555
65	3.75727
66	4.14294
67	3.92769
68	3.65253
69	3.64317
70	4.26966
71	3.79495
72	4.06857
73	3.87987
74	4.02935
75	4.0153
76	3.69291
77	3.52821
78	3.77722
79	3.67595
0	0.232365
1	0.152704
2	0.197479
3	0.143519
4	0.85354
5	0.215938
6	1.15349
7	0.967139
8	1.28094
9	0.884024
10	1.19661
11	1.13453
12	1.25228
13	1.21868
14	1.25954
15	1.15015
16	1.54181
17	1.54085
18	1.72176
19	1.63804
20	2.11792
21	1.43851
22	2.33259
23	2.29976
24	2.96918
25	2.81067
26	2.99534
27	2.75727
28	3.47944
29	3.21676
30	3.36512
31	3.14074
32	4.07993
33	3.76395
34	3.75959
35	3.47215
36	3.71262
37	3.33691
38	3.60384
39	3.37277
40	4.11754
41	3.99114
42	4.20901
43	3.78989
44	3.90794
45	3.74921
46	3.86097
47	3.78738
48	3.92
49	3.75943
50	4.26282
51	4.01417
52	4.01476
53	3.79151
54	4.00719
55	3.79323
56	3.95629
57	3.91431
58	3.93937
59	3.77165
60	3.92711
61	3.89009
62	4.04411
63	4.02612
64	3.98576
65	3.94869
66	3.85087
67	3.82696
68	4.11831
69	4.0054
70	4.05721
71	3.92857
72	4.0117
73	3.96446
74	4.09628
75	4.06857
76	4.4362
77	4.27956
78	4.2392
79	3.93858
0	1.00722
1	0.135964
2	0.377824
3	0.299427
4	0.988998
5	0.304086
6	1.42664
7	0.882267
8	0.850129
9	0.8093
10	2.08407
11	1.77626
12	1.7818
13	1.73846
14	2.69892
15	2.41173
16	2.78986
17	2.53003
18	3.24206
19	2.5406
20	2.93942
21	2.67653
22	2.97591
23	2.9136
24	2.94821
25	2.73759
26	2.97014
27	2.88856
28	2.74138
29	2.63354
30	3.99276
31	2.75193
32	3.16149
33	3.05198
34	2.96134
35	2.92561
36	3.48983
37	3.17869
38	3.30523
39	3.28446
40	3.58967
41	3.58389
42	3.6209
43	3.60148
44	3.48059
45	3.37721
46	3.81645
47	3.5484
48	3.87755
49	3.45311
50	3.65853
51	3.64584
52	3.64697
53	3.6337
54	4.05721
55	3.81567
56	3.61619
57	3.56145
58	3.39987
59	3.30813
60	3.79151
61	3.78268
62	3.80203
63	3.56198
64	3.70823
65	3.60009
66	3.6314
67	3.5455
68	3.92407
69	3.57984
70	3.87432
71	3.60464
72	4.17081
73	4.08315
74	4.03473
75	3.74937
76	4.22037
77	3.84867
78	4.06611
79	3.79474
0	0.362451
1	0.21065
2	0.0689035
3	0.0376617
4	0.276752
5	0.257799
6	0.719048
7	0.128131
8	0.858408
9	0.639653
10	1.10082
11	0.984516
12	1.47946
13	1.4507
14	2.22787
15	2.03936
16	2.55236
17	2.44962
18	2.42567
19	2.38984
20	2.59547
21	2.42999
22	3.19313
23	3.12186
24	3.44397
25	3.06787
26	3.52844
27	3.49486
28	3.28797
29	3.05744
30	3.38416
31	3.16954
32	3.55608
33	3.45215
34	4.21977
35	3.83994
36	3.8479
37	3.45757
38	3.82128
39	3.65586
40	3.76534
41	3.54551
42	3.60009
43	3.59651
44	3.75247
45	3.64927
46	4.04785
47	3.69158
48	3.89181
49	3.62694
50	3.96634
51	3.74001
52	4.1495
53	3.92201
54	3.69149
55	3.62469
56	4.08913
57	4.06405
58	3.66856
59	3.65805
60	3.88525
61	3.64569
62	3.79808
63	3.72021
64	4.30174
65	4.02015
66	4.398
67	3.85086
68	3.93485
69	3.67146
70	3.83701
71	3.7453
72	3.79166
73	3.75577
74	4.05835
75	3.90057
76	4.09016
77	4.05284
78	4.19821
79	4.04785
0	0.129073
1	0.0607655
2	0.153037
3	0.146992
4	0.522046
5	0.121253
6	0.25199
7	0.227701
8	0.610837
9	0.447987
10	0.661138
11	0.619032
12	1.04773
13	1.01776
14	2.13311
15	1.15955
16	2.09844
17	1.56142
18	1.94488
19	1.67041
20	2.18195
21	1.75877
22	2.42717
23	2.37993
24	3.29541
25	3.08473
26	3.63325
27	3.00534
28	3.22901
29	3.1211
30	3.68103
31	2.76686
32	3.78843
33	2.55578
34	3.45021
35	3.40548
36	3.41196
37	3.24816
38	3.18334
39	3.09592
40	3.42157
41	3.32614
42	3.44136
43	3.37318
44	3.42136
45	3.37146
46	3.62714
47	3.22078
48	3.69992
49	3.57746
50	3.85188
51	3.6572
52	4.04657
53	3.79049
54	3.97847
55	3.91791
56	3.79866
57	3.63664
58	3.88411
59	3.88013
60	3.99276
61	3.64694
62	3.883
63	3.78982
64	4.11102
65	4.07586
66	3.96765
67	3.96504
68	4.49599
69	3.94475
70	3.99712
71	3.95636
72	4.22462
73	3.94562
74	3.80203
75	3.75519
76	4.02612
77	3.88353
78	3.87319
79	3.82052
0	0.162547
1	0.131921
2	1.45055
3	0.241916
4	0.432659
5	0.402536
6	0.572944
7	0.376834
8	1.32264
9	1.15219
10	1.50594
11	1.11895
12	1.29848
13	1.27465
14	1.82106
15	1.32015
16	2.04433
17	1.9474
18	2.16037
19	1.7956
20	2.60597
21	2.21829
22	3.11903
23	2.60933
24	3.10643
25	2.40312
26	2.4765
27	2.43051
28	3.11273
29	2.72232
30	3.55787
31	3.31609
32	2.88107
33	2.84047
34	3.27887
35	3.26377
36	3.26721
37	3.15338
38	3.6314
39	3.31013
40	3.97058
41	3.55673
42	3.63968
43	3.62189
44	4.117
45	3.56657
46	4.19837
47	3.96504
48	4.06259
49	4.04247
50	4.27418
51	3.98092
52	3.96446
53	3.86948
54	4.02015
55	4.00427
56	4.21439
57	4.02206
58	4.27418
59	3.95013
60	4.22575
61	3.90145
62	4.27418
63	4.26282
64	4.20901
65	4.16059
66	4.1164
67	4.02015
68	4.3824
69	4.32945
70	3.81047
71	3.76993
72	4.04129
73	3.98792
74	4.11102
75	3.91823
76	4.09482
77	4.09129
78	4.2844
79	3.92275
0	0.481747
1	0.0418645
2	0.660723
3	0.446416
4	0.492692
5	0.427782
6	0.697118
7	0.68185
8	1.65311
9	1.32332
10	2.46761
11	2.0494
12	2.14689
13	1.95443
14	2.03302
15	1.63912
16	1.99274
17	1.82249
18	2.81097
19	1.65644
20	2.7519
21	2.56334
22	2.7602
23	2.54256
24	2.84742
25	2.73237
26	3.4031
27	3.2319
28	3.4438
29	3.37875
30	3.74566
31	3.70562
32	3.80958
33	3.74194
34	3.97656
35	3.76586
36	3.36245
37	3.34189
38	3.32128
39	3.23164
40	3.37928
41	3.0083
42	3.692
43	3.66512
44	3.52794
45	3.32566
46	4.06405
47	3.8733
48	3.89665
49	3.87341
50	4.04699
51	4.02612
52	3.97656
53	3.61275
54	3.8589
55	3.78613
56	3.74717
57	3.67964
58	3.7695
59	3.67623
60	3.92813
61	3.73902
62	4.117
63	4.06857
64	4.117
65	4.00992
66	4.06857
67	3.78843
68	3.86541
69	3.70233
70	4.05237
71	3.99299
72	4.09628
73	3.92275
74	3.80431
75	3.67034
76	4.12429
77	4.02935
78	3.86194
79	3.78757
0	0.439353
1	0.134123
2	0.118522
3	0.0746454
4	0.154466
5	0.0113572
6	0.740072
7	0.306497
8	0.45042
9	0.277679
10	1.61099
11	0.770551
12	1.29181
13	1.20832
14	1.1225
15	0.991548
16	1.49477
17	1.43547
18	2.02606
19	1.63202
20	1.87913
21	1.46585
22	2.84966
23	2.61222
24	2.67473
25	2.64721
26	2.27471
27	2.15192
28	2.5932
29	2.58098
30	2.89718
31	2.82105
32	3.28957
33	3.13864
34	3.42406
35	3.1806
36	2.62554
37	2.45863
38	3.2461
39	2.97133
40	4.02153
41	2.94658
42	3.64407
43	3.19617
44	3.77165
45	3.71369
46	3.8275
47	3.7123
48	3.93426
49	3.73902
50	3.69687
51	3.49598
52	3.97102
53	3.85845
54	3.92275
55	3.72945
56	4.03097
57	3.89122
58	3.87814
59	3.67977
60	4.40398
61	4.00879
62	3.89519
63	3.77209
64	3.7307
65	3.70285
66	4.398
67	4.06451
68	4.1256
69	3.77047
70	4.12836
71	3.74746
72	4.06857
73	3.75621
74	4.18539
75	3.81528
76	3.68084
77	3.65397
78	4.06259
79	3.98254
0	0.399534
1	0.262736
2	0.212339
3	0.0521541
4	0.534878
5	0.359245
6	1.94306
7	0.665339
8	1.45224
9	1.08049
10	1.46623
11	1.38888
12	1.81278
13	1.58224
14	2.25743
15	1.61263
16	1.90643
17	1.87597
18	2.64216
19	2.01013
20	2.12578
21	2.11098
22	2.84811
23	2.43247
24	2.82551
25	2.63664
26	2.74844
27	2.62089
28	2.6355
29	2.44263
30	2.86391
31	2.7975
32	3.46921
33	3.13058
34	4.11216
35	3.75475
36	4.07976
37	3.57586
38	3.47954
39	3.4741
40	3.99856
41	3.71842
42	3.55704
43	3.33401
44	3.36322
45	3.32619
46	3.72221
47	3.59511
48	3.48771
49	3.46454
50	3.53631
51	3.3685
52	3.95354
53	3.61406
54	4.00879
55	3.76567
56	3.87033
57	3.67499
58	3.96036
59	3.86393
60	4.11754
61	3.54527
62	3.66214
63	3.45827
64	3.94811
65	3.81161
66	3.80916
67	3.77999
68	3.78422
69	3.70078
70	4.32859
71	3.9229
72	3.88045
73	3.79427
74	4.1552
75	3.83396
76	3.96765
77	3.86194
78	3.69349
79	3.69297
0	0.260802
1	0.221747
2	0.591608
3	0.363212
4	0.345621
5	0.137593
6	0.222625
7	0.125457
8	0.460251
9	0.258687
10	0.418525
11	0.401857
12	0.499
13	0.389761
14	0.652019
15	0.583323
16	1.42923
17	0.817894
18	1.74465
19	1.62513
20	2.06271
21	1.96964
22	2.33037
23	2.0914
24	2.02028
25	1.94234
26	2.29232
27	2.17571
28	2.65052
29	2.09323
30	3.47519
31	2.63305
32	3.20754
33	2.90868
34	2.89612
35	2.8929
36	3.33932
37	2.99481
38	3.7929
39	2.95427
40	3.16555
41	3.02594
42	3.47714
43	3.42286
44	3.95013
45	3.92113
46	3.92275
47	3.92275
48	3.72688
49	3.64224
50	3.75911
51	3.72978
52	4.26282
53	3.89471
54	3.80696
55	3.72322
56	3.90117
57	3.75033
58	3.87987
59	3.85452
60	3.84676
61	3.8443
62	3.68213
63	3.50217
64	4.17194
65	3.81567
66	4.44756
67	4.04785
68	4.17081
69	3.92407
70	3.9869
71	3.91193
72	4.09016
73	4.00859
74	3.99318
75	3.98748
76	4.31663
77	3.96634
78	3.99712
79	3.97554
0	0.199612
1	-0.0157351
2	0.155741
3	0.0740906
4	0.686681
5	0.188346
6	0.944827
7	0.357226
8	1.37294
9	0.700796
10	1.70561
11	1.01273
12	1.43605
13	1.14544
14	1.77643
15	1.32619
16	1.58107
17	1.35235
18	2.04357
19	1.99306
20	1.87604
21	1.82705
22	2.39155
23	2.03451
24	3.2597
25	2.57863
26	2.68595
27	2.60948
28	2.82278
29	2.55547
30	3.10591
31	3.03467
32	3.2944
33	3.13951
34	3.22806
35	3.18368
36	3.29192
37	2.96578
38	3.29104
39	3.2694
40	3.6354
41	3.40548
42	4.06857
43	3.88484
44	3.87868
45	3.82912
46	4.04555
47	3.75589
48	3.9652
49	3.72275
50	3.89661
51	3.73489
52	3.59419
53	3.56343
54	3.66804
55	3.6278
56	3.78359
57	3.76007
58	3.71213
59	3.59369
60	3.75255
61	3.44381
62	3.59511
63	3.29169
64	3.99942
65	3.79427
66	4.00427
67	3.55964
68	3.47142
69	3.46406
70	3.31352
71	3.27058
72	3.35855
73	3.29148
74	3.93195
75	3.78889
76	3.54471
77	3.50401
78	4.01608
79	3.55188
0	0.35308
1	0.187152
2	0.236123
3	0.0997086
4	0.599311
5	0.120449
6	0.705984
7	0.576347
8	1.4386
9	0.975499
10	1.42701
11	1.30506
12	1.6504
13	1.42811
14	2.1127
15	1.94886
16	1.95199
17	1.70846
18	2.20827
19	2.06088
20	2.22023
21	2.18858
22	2.44941
23	1.94048
24	2.75281
25	2.29703
26	2.88793
27	2.71285
28	2.76713
29	2.72215
30	3.49355
31	3.01982
32	2.86149
33	2.81732
34	3.21791
35	3.09672
36	3.67063
37	3.62805
38	3.52768
39	2.89933
40	3.26638
41	2.84816
42	3.26798
43	3.25225
44	3.37269
45	3.2202
46	3.97146
47	3.33818
48	3.52366
49	3.36498
50	4.14294
51	3.89181
52	3.84119
53	3.64991
54	4.16597
55	3.86835
56	3.73404
57	3.56534
58	3.61969
59	3.20559
60	3.44301
61	3.41137
62	3.96956
63	3.58821
64	4.32261
65	3.89633
66	4.12238
67	4.05093
68	3.69097
69	3.58224
70	2.60819
71	2.56347
72	3.73491
73	3.26309
74	3.42485
75	3.21633
76	3.67773
77	3.62832
78	3.42345
79	3.31622
0	0.439178
1	0.398249
2	0.427504
3	0.168963
4	0.612116
5	0.205703
6	1.29878
7	0.516307
8	1.01686
9	0.910131
10	1.26008
11	1.18869
12	0.850961
13	0.807929
14	1.51407
15	0.782941
16	1.24339
17	0.801491
18	1.36714
19	1.22479
20	1.91437
21	1.57815
22	2.26946
23	1.97566
24	2.62563
25	2.09049
26	2.86618
27	2.59925
28	3.06016
29	3.02682
30	3.44891
31	3.31669
32	3.11832
33	2.88843
34	3.64099
35	3.60527
36	3.55948
37	3.48155
38	3.89035
39	3.7929
40	3.61797
41	3.60062
42	4.17081
43	3.8727
44	3.8189
45	3.75589
46	3.53048
47	3.43586
48	3.73915
49	3.44735
50	3.89519
51	3.54668
52	4.03289
53	4.02499
54	3.73895
55	3.73098
56	3.81738
57	3.5789
58	4.45779
59	3.66548
60	3.70473
61	3.66334
62	3.83396
63	3.76068
64	4.25684
65	3.58687
66	3.9332
67	3.666
68	3.96149
69	3.85405
70	4.18217
71	4.17081
72	4.07864
73	3.95013
74	3.85758
75	3.85683
76	3.96076
77	3.81846
78	4.2306
79	3.98092
0	0.282583
1	0.197218
2	0.63707
3	0.0116292
4	0.95222
5	0.117082
6	0.949705
7	0.556409
8	0.790708
9	0.640621
10	0.695677
11	0.477798
12	0.528694
13	0.412631
14	0.939273
15	0.811539
16	1.58435
17	1.33521
18	1.87177
19	1.35218
20	1.80324
21	1.70364
22	1.78339
23	1.42667
24	2.11613
25	1.64259
26	2.11292
27	2.03573
28	2.05315
29	1.9912
30	2.32357
31	1.97383
32	2.78131
33	2.26329
34	3.18313
35	3.06867
36	2.99651
37	2.82337
38	3.29249
39	2.97303
40	3.4981
41	3.28492
42	3.72834
43	3.6539
44	4.0903
45	3.87755
46	3.90801
47	3.74027
48	3.12884
49	3.05064
50	3.60544
51	3.57838
52	3.85274
53	3.5027
54	3.99114
55	3.91575
56	4.06373
57	3.74001
58	3.65443
59	3.52917
60	3.72162
61	3.68469
62	3.54621
63	3.47986
64	3.58429
65	3.42833
66	4.19675
67	3.91575
68	3.85699
69	3.82781
70	4.11754
71	3.97554
72	4.02015
73	3.80588
74	4.0107
75	3.83832
76	3.7946
77	3.75943
78	4.10226
79	3.92
0	0.0687454
1	0.0244786
2	0.153908
3	0.055917
4	0.471495
5	0.345129
6	0.613512
7	0.482135
8	1.08069
9	0.245083
10	1.31265
11	0.933872
12	1.43376
13	1.37848
14	1.28111
15	0.930992
16	2.09154
17	0.938541
18	1.55904
19	1.49321
20	1.60466
21	1.57248
22	2.10073
23	1.52238
24	2.53437
25	1.72234
26	3.05794
27	2.92778
28	2.79692
29	2.73485
30	3.02288
31	2.57295
32	2.98551
33	2.96699
34	3.42043
35	3.01604
36	3.46704
37	3.4103
38	3.44933
39	3.42459
40	3.3391
41	3.25846
42	3.36365
43	3.33742
44	3.18669
45	3.0713
46	3.13831
47	3.07877
48	3.84822
49	3.32331
50	2.9277
51	2.66114
52	3.3802
53	3.14764
54	3.73754
55	3.56947
56	3.5451
57	3.27455
58	3.69642
59	3.49893
60	3.87868
61	3.85144
62	3.99114
63	3.6481
64	3.81047
65	3.44929
66	4.06373
67	3.91384
68	4.02337
69	3.69886
70	3.82008
71	3.6862
72	4.26966
73	3.91982
74	3.89039
75	3.78785
76	4.12238
77	3.949
78	3.7649
79	3.7358
0	0.199837
1	0.177221
2	0.388095
3	0.010683
4	0.648994
5	0.396583
6	0.669875
7	0.420068
8	0.739835
9	0.606032
10	0.841689
11	0.653429
12	0.68921
13	0.656674
14	1.59059
15	1.26191
16	1.6256
17	1.37522
18	1.3642
19	1.00036
20	1.91675
21	1.38627
22	1.78611
23	1.44337
24	1.42107
25	1.19493
26	2.24805
27	1.65762
28	2.55783
29	2.03423
30	2.51858
31	2.23159
32	2.42931
33	2.31209
34	3.32602
35	2.98212
36	2.91381
37	2.86218
38	3.11808
39	3.11097
40	3.24401
41	3.06797
42	3.16209
43	3.11162
44	3.11201
45	3.02457
46	3.77193
47	3.59005
48	3.51912
49	3.5125
50	3.69297
51	3.6572
52	3.82972
53	3.79979
54	4.07993
55	3.76936
56	3.95278
57	3.86152
58	4.05921
59	4.04727
60	3.93733
61	3.91236
62	4.18217
63	3.98866
64	3.69635
65	3.53844
66	4.04071
67	3.85684
68	4.03591
69	4.02015
70	3.7215
71	3.66604
72	3.7164
73	3.66012
74	3.81922
75	3.74921
76	4.00454
77	3.89039
78	3.99318
79	3.8189
0	0.18056
1	0.121946
2	0.165082
3	0.0865298
4	0.342258
5	0.243959
6	0.133034
7	0.12484
8	0.418468
9	0.210923
10	0.535544
11	0.231463
12	0.517663
13	0.361647
14	0.622496
15	0.578828
16	1.30378
17	1.02459
18	1.57919
19	1.34736
20	1.30494
21	1.22048
22	1.66596
23	1.6649
24	2.16659
25	2.07394
26	1.88883
27	1.70746
28	1.8832
29	1.84954
30	1.49051
31	1.44022
32	3.12339
33	2.4183
34	2.42411
35	2.08942
36	2.52344
37	2.41799
38	2.88262
39	2.72445
40	2.92105
41	2.87018
42	3.30615
43	2.93549
44	2.58613
45	2.56802
46	3.28756
47	3.02625
48	3.75659
49	3.49313
50	3.3211
51	3.17415
52	3.08964
53	3.01251
54	3.82479
55	3.46486
56	3.29557
57	3.25496
58	3.427
59	3.35119
60	3.62191
61	3.45802
62	3.46961
63	3.31897
64	3.91271
65	3.54433
66	3.86296
67	3.83628
68	3.82374
69	3.81692
70	3.90256
71	3.78667
72	3.83183
73	3.78553
74	3.97656
75	3.77941
76	3.46885
77	3.43946
78	4.02499
79	3.92813
0	0.219461
1	0.0403595
2	0.126863
3	0.0205437
4	0.559931
5	0.368659
6	0.343851
7	0.211132
8	0.373344
9	0.282401
10	0.783574
11	0.666952
12	1.04367
13	1.00709
14	1.52869
15	1.26918
16	1.06475
17	1.04132
18	1.26436
19	1.05778
20	1.48026
21	1.25901
22	1.97757
23	1.9321
24	1.93979
25	1.90829
26	2.33617
27	1.88793
28	2.3591
29	2.28559
30	2.58495
31	2.52613
32	2.5139
33	2.46767
34	2.83707
35	2.23014
36	3.19494
37	2.68682
38	3.9741
39	2.91063
40	4.04699
41	3.95046
42	3.71959
43	3.51788
44	3.99404
45	3.63811
46	3.90636
47	3.80969
48	3.68168
49	3.47231
50	3.79049
51	3.54209
52	3.64532
53	3.61084
54	3.51966
55	3.42403
56	3.74192
57	3.63125
58	3.72978
59	3.49372
60	3.99299
61	3.91885
62	3.88583
63	3.84954
64	3.94988
65	3.78989
66	4.04161
67	3.94056
68	4.01901
69	3.73403
70	4.01768
71	3.96227
72	4.10764
73	3.9521
74	3.91518
75	3.82094
76	4.07993
77	4.07586
78	4.60959
79	3.81447
0	0.276332
1	0.247424
2	0.554059
3	0.14036
4	0.345219
5	0.321533
6	0.729647
7	0.633078
8	0.81831
9	0.478676
10	1.42753
11	0.37382
12	0.753252
13	0.741819
14	1.28599
15	0.686831
16	1.78169
17	1.7451
18	2.50831
19	1.77455
20	3.00487
21	2.80246
22	3.49197
23	2.90977
24	2.8878
25	2.75909
26	3.33821
27	3.16012
28	3.56025
29	3.33418
30	4.2631
31	3.46204
32	3.80944
33	3.43642
34	4.09112
35	3.44401
36	3.72468
37	3.42099
38	3.91868
39	3.44492
40	3.5638
41	3.5375
42	3.45454
43	3.38382
44	3.58184
45	3.54261
46	3.82972
47	3.63462
48	3.40931
49	3.39294
50	3.64133
51	3.40745
52	4.09936
53	3.96765
54	4.06259
55	3.87303
56	3.78774
57	3.67385
58	3.95046
59	3.81161
60	4.04785
61	3.78451
62	3.98576
63	3.89035
64	4.13565
65	3.89811
66	3.89957
67	3.88045
68	4.2306
69	3.8351
70	3.88675
71	3.85465
72	4.21439
73	4.06989
74	4.31065
75	4.14923
76	4.08315
77	3.96227
78	4.12836
79	4.00879
0	0.0748032
1	0.0249664
2	0.309482
3	0.119736
4	0.236312
5	0.234947
6	0.354518
7	0.298507
8	0.980223
9	0.477683
10	0.867353
11	0.562826
12	0.478636
13	0.340664
14	0.771177
15	0.648038
16	1.82132
17	1.47839
18	1.40546
19	1.30788
20	1.66988
21	1.33646
22	1.72505
23	1.561
24	1.99298
25	1.81846
26	2.06834
27	1.93823
28	2.22567
29	2.14667
30	2.69335
31	2.09272
32	3.00097
33	2.87151
34	2.79557
35	2.69246
36	3.60009
37	3.45882
38	3.97172
39	3.64335
40	3.50002
41	3.47648
42	4.09451
43	3.98894
44	3.98576
45	3.27607
46	3.78246
47	3.44978
48	3.75727
49	3.66554
50	3.93574
51	3.89796
52	4.03228
53	3.94562
54	3.82565
55	3.56673
56	3.59529
57	3.50692
58	3.61084
59	3.55037
60	4.04555
61	3.89035
62	3.97656
63	3.95611
64	3.98806
65	3.90365
66	4.37044
67	4.01257
68	3.99305
69	3.93004
70	4.32799
71	4.03635
72	4.38778
73	4.16059
74	4.03635
75	3.96182
76	3.91253
77	3.85452
78	3.84822
79	3.69642
0	0.156834
1	0.0466611
2	0.136784
3	0.134504
4	0.284258
5	0.186751
6	0.684637
7	0.61984
8	0.518178
9	0.368562
10	0.78969
11	0.757352
12	0.848522
13	0.474994
14	1.5266
15	0.848642
16	1.76117
17	1.29526
18	2.05077
19	1.65026
20	2.14816
21	1.83565
22	3.20059
23	2.45137
24	3.05991
25	2.97895
26	3.12256
27	3.00544
28	3.09525
29	3.06456
30	3.26213
31	2.55552
32	3.34969
33	3.10277
34	3.67675
35	3.41512
36	3.62819
37	3.35243
38	3.38367
39	3.36984
40	3.90655
41	3.59871
42	3.72759
43	3.55621
44	4.05093
45	3.76993
46	3.59947
47	3.48803
48	3.85812
49	3.77079
50	4.05237
51	3.95498
52	3.81776
53	3.78858
54	3.77821
55	3.77708
56	4.12238
57	3.44694
58	3.92711
59	3.82374
60	4.32201
61	3.83682
62	4.15607
63	4.117
64	4.02122
65	3.98103
66	3.90104
67	3.84676
68	4.18217
69	4.11102
70	3.91982
71	3.84284
72	4.17081
73	4.07777
74	4.24518
75	4.09613
76	3.91575
77	3.83103
78	4.21439
79	4.1256
0	0.239014
1	0.175904
2	0.302628
3	0.235166
4	0.629436
5	0.556073
6	0.49218
7	0.387735
8	1.46222
9	0.643187
10	1.59013
11	1.37648
12	1.73358
13	1.07953
14	2.6948
15	1.53119
16	2.67829
17	1.82546
18	2.71289
19	2.64409
20	3.53791
21	2.9237
22	3.24387
23	3.14407
24	3.1947
25	2.95932
26	3.17476
27	2.73054
28	3.52682
29	3.41495
30	3.65354
31	3.35191
32	3.60401
33	3.34819
34	3.81047
35	3.27835
36	3.60819
37	3.45885
38	3.63381
39	3.61477
40	3.84224
41	3.51033
42	3.10909
43	3.07543
44	3.5533
45	3.4873
46	3.38304
47	3.0643
48	2.9462
49	2.81532
50	3.84822
51	3.34935
52	3.97978
53	3.25605
54	3.59908
55	3.40234
56	3.91677
57	3.79474
58	3.96182
59	3.75519
60	3.66856
61	3.59499
62	4.00472
63	3.82664
64	3.96418
65	3.76073
66	3.7456
67	3.55105
68	3.68069
69	3.12721
70	3.33472
71	3.26165
72	3.82008
73	3.51589
74	3.82972
75	3.31584
76	3.30736
77	3.16885
78	4.16656
79	3.77985
0	0.344378
1	0.11004
2	0.497387
3	0.285598
4	0.656085
5	0.463513
6	0.851793
7	0.748939
8	1.22239
9	0.998835
10	0.711137
11	0.656215
12	0.935322
13	0.903993
14	1.22065
15	0.920639
16	1.56908
17	1.44693
18	1.68717
19	1.67445
20	2.22352
21	1.92164
22	2.87402
23	2.83226
24	3.27732
25	3.07201
26	2.58597
27	2.41801
28	3.73403
29	3.64685
30	3.8479
31	3.42817
32	3.82036
33	3.75589
34	3.90655
35	3.53646
36	3.5569
37	3.41391
38	3.51537
39	3.35745
40	3.62656
41	3.29692
42	3.58032
43	3.56726
44	4.18408
45	3.42436
46	3.838
47	3.46996
48	3.84553
49	3.82374
50	3.81696
51	3.69717
52	3.95906
53	3.90525
54	4.17619
55	3.72275
56	3.64799
57	3.62099
58	4.05237
59	3.86435
60	3.62822
61	3.57202
62	4.09936
63	4.06857
64	4.15999
65	3.94023
66	4.22575
67	3.95438
68	3.98576
69	3.93426
70	3.91791
71	3.83832
72	4.08478
73	4.05721
74	4.13972
75	3.92769
76	4.03473
77	3.80952
78	4.18217
79	4.14294
0	0.0653605
1	-0.000125365
2	0.125395
3	0.00422968
4	0.520231
5	0.387139
6	0.529743
7	0.496629
8	1.44442
9	0.957412
10	0.968241
11	0.935624
12	0.968035
13	0.90087
14	1.20908
15	1.06603
16	1.0587
17	1.05226
18	2.74795
19	1.78855
20	2.55802
21	1.89099
22	2.21356
23	2.07393
24	2.33177
25	2.12739
26	2.96891
27	2.8896
28	3.1551
29	2.4411
30	3.14229
31	3.11703
32	3.70078
33	3.27063
34	3.47157
35	3.35958
36	3.39192
37	3.36973
38	3.72021
39	3.06802
40	3.96634
41	3.6763
42	3.6664
43	3.38887
44	3.93339
45	3.67446
46	4.37642
47	3.78311
48	3.80944
49	3.76509
50	3.76534
51	3.43022
52	3.91193
53	3.90057
54	3.95479
55	3.94756
56	4.31663
57	4.10618
58	4.02015
59	3.89547
60	3.77165
61	3.73173
62	3.81141
63	3.76557
64	3.8788
65	3.84736
66	4.0718
67	4.02935
68	4.12975
69	3.87432
70	4.10678
71	3.98576
72	4.40398
73	4.08478
74	3.99318
75	3.99114
76	3.92597
77	3.81692
78	3.75076
79	3.61952
0	0.10924
1	0.0907091
2	0.49393
3	0.0510361
4	0.349495
5	0.202028
6	0.513437
7	0.42958
8	0.553914
9	0.492343
10	1.54477
11	0.704257
12	1.59346
13	1.05144
14	1.80616
15	1.75548
16	1.53589
17	1.38151
18	1.90805
19	1.42924
20	2.1316
21	1.96454
22	2.10924
23	1.78907
24	2.83731
25	2.3132
26	2.50887
27	1.87735
28	2.47212
29	2.42495
30	2.65814
31	2.52044
32	3.20626
33	3.17677
34	3.38693
35	3.14314
36	3.33478
37	3.24418
38	3.72252
39	3.633
40	3.89719
41	3.41784
42	4.10312
43	3.97656
44	4.04071
45	3.82066
46	4.01156
47	3.89375
48	3.56282
49	3.52547
50	3.91774
51	3.89547
52	4.1008
53	3.9439
54	3.8536
55	3.73012
56	3.76725
57	3.36023
58	3.92813
59	3.69848
60	3.38712
61	3.34093
62	3.93426
63	3.47356
64	3.91677
65	3.45451
66	3.59231
67	3.51589
68	4.13756
69	3.43088
70	3.78843
71	3.77165
72	3.80916
73	3.50977
74	3.84166
75	3.75354
76	3.81115
77	3.78989
78	3.89519
79	3.86488
0	0.043772
1	0.0369701
2	0.264746
3	0.25764
4	0.485157
5	0.115926
6	0.365698
7	0.319406
8	0.307076
9	0.236687
10	0.342009
11	0.275175
12	0.345597
13	0.315742
14	1.04042
15	0.614174
16	1.07892
17	0.730128
18	1.93047
19	1.53993
20	2.15704
21	1.7884
22	1.74525
23	1.41309
24	1.99152
25	1.57851
26	1.98088
27	1.54957
28	1.60275
29	1.2258
30	2.08273
31	1.72846
32	1.64417
33	1.56259
34	2.19718
35	1.89974
36	2.77047
37	2.70763
38	3.53422
39	3.30959
40	3.50309
41	3.43846
42	3.36697
43	3.21684
44	3.47533
45	3.41936
46	3.64902
47	3.51032
48	3.2021
49	3.11897
50	3.38638
51	3.01553
52	3.87893
53	3.52612
54	3.66828
55	3.61638
56	3.98792
57	3.74224
58	3.82374
59	3.70562
60	3.55167
61	3.5004
62	3.62641
63	3.39419
64	3.72865
65	3.59419
66	4.07534
67	3.78254
68	3.91677
69	3.87593
70	3.97172
71	3.73286
72	4.02015
73	3.81864
74	4.19137
75	3.90248
76	4.09451
77	3.62928
78	4.11216
79	3.99258
0	0.261745
1	0.250962
2	-0.00111725
3	-0.00958617
4	0.104716
5	0.063389
6	0.198485
7	0.159161
8	0.706328
9	0.231706
10	0.368449
11	0.24323
12	0.587113
13	0.412104
14	0.792333
15	0.441306
16	0.892375
17	0.791341
18	1.60421
19	1.41562
20	1.39134
21	1.22482
22	2.12772
23	1.94709
24	1.70728
25	1.51251
26	1.80291
27	1.69197
28	2.05183
29	1.56743
30	2.47629
31	1.82387
32	2.22606
33	2.12921
34	2.66866
35	2.51667
36	2.933
37	2.59269
38	3.42845
39	3.25225
40	4.10618
41	3.42871
42	4.27418
43	3.98678
44	3.58396
45	3.57133
46	3.93733
47	3.71552
48	4.06259
49	3.71784
50	3.88131
51	3.87319
52	4.30497
53	4.1543
54	4.38778
55	4.07777
56	3.97249
57	3.85596
58	4.2306
59	4.06405
60	4.09129
61	4.02935
62	3.97554
63	3.94463
64	3.78843
65	3.68607
66	3.98092
67	3.94869
68	4.13374
69	3.88891
70	3.98806
71	3.91253
72	4.01189
73	3.99404
74	4.0289
75	4.02612
76	4.22575
77	4.21585
78	4.22462
79	4.13158
0	0.177843
1	-0.00969222
2	0.248679
3	-0.0214265
4	0.414026
5	0.244172
6	0.481594
7	0.237584
8	0.479949
9	0.232631
10	0.629635
11	0.367915
12	1.06684
13	0.753098
14	1.63294
15	0.780454
16	1.23879
17	1.14674
18	2.03028
19	1.87487
20	1.9346
21	1.40953
22	2.43967
23	2.15337
24	2.04841
25	1.81211
26	2.46632
27	1.63215
28	3.07784
29	2.60502
30	2.97911
31	2.8546
32	4.01476
33	3.5936
34	3.87868
35	3.40507
36	3.68506
37	3.62542
38	3.90203
39	3.69879
40	3.89719
41	3.45853
42	3.57568
43	3.5627
44	3.64845
45	3.39465
46	3.97554
47	3.85274
48	3.9869
49	3.89665
50	4.17194
51	3.85855
52	3.88933
53	3.87432
54	3.73516
55	3.6637
56	4.14294
57	3.92711
58	3.80243
59	3.74453
60	4.2682
61	3.82212
62	4.06259
63	3.91677
64	4.17679
65	3.93298
66	4.26282
67	4.14325
68	3.94475
69	3.86878
70	3.95013
71	3.93733
72	3.94654
73	3.92113
74	4.03826
75	4.01608
76	4.02612
77	4.01017
78	4.50735
79	4.32799
0	0.107621
1	0.0850974
2	0.136233
3	0.107547
4	0.383856
5	0.261347
6	0.517324
7	0.398489
8	0.464474
9	0.330413
10	1.27645
11	0.311847
12	0.894265
13	0.592798
14	0.790841
15	0.766175
16	0.999291
17	0.909771
18	2.31686
19	1.68182
20	1.95415
21	1.73238
22	2.49552
23	2.41774
24	2.72022
25	2.42164
26	2.64045
27	2.24335
28	3.27138
29	3.15513
30	3.17745
31	2.8657
32	3.85566
33	2.87794
34	3.61733
35	3.09576
36	3.4535
37	3.35338
38	3.58599
39	3.38434
40	3.68581
41	3.5285
42	3.51138
43	3.40376
44	4.0054
45	3.62482
46	3.81645
47	3.81379
48	4.14892
49	4.04364
50	3.9496
51	3.78986
52	3.57639
53	3.48012
54	4.05383
55	3.82565
56	3.92952
57	3.52844
58	3.73542
59	3.51983
60	4.18217
61	3.83682
62	3.96634
63	3.90965
64	4.11216
65	4.06857
66	3.8351
67	3.73608
68	4.05835
69	4.02891
70	3.73594
71	3.6925
72	4.14294
73	4.12836
74	4.06996
75	4.05835
76	3.63916
77	3.63855
78	3.78311
79	3.73821
0	-0.03132
1	-0.0954075
2	0.24751
3	0.21956
4	0.486499
5	0.404661
6	0.587309
7	0.533471
8	0.75342
9	0.663823
10	1.01516
11	0.417185
12	1.04269
13	0.854743
14	1.31715
15	0.8545
16	1.06091
17	0.955964
18	1.51817
19	1.24088
20	2.72527
21	2.29153
22	2.84587
23	2.50761
24	2.85293
25	2.63703
26	3.5646
27	2.65707
28	3.27422
29	2.94692
30	3.42485
31	3.00585
32	3.36027
33	3.24862
34	3.98576
35	3.93877
36	4.23598
37	3.9291
38	3.9252
39	3.75571
40	4.13756
41	3.79705
42	3.63777
43	3.61494
44	4.01476
45	3.76689
46	3.92259
47	3.91791
48	3.99318
49	3.72366
50	3.77514
51	3.54064
52	3.53631
53	3.0615
54	3.53048
55	3.51255
56	3.56849
57	3.51919
58	3.74822
59	3.72926
60	4.11216
61	3.95013
62	3.82546
63	3.7215
64	4.05237
65	3.84867
66	3.71552
67	3.68184
68	3.83818
69	3.78359
70	3.95091
71	3.88807
72	3.81449
73	3.58861
74	3.70547
75	3.40507
76	3.7215
77	3.51345
78	3.90171
79	3.80243
0	0.145728
1	0.074983
2	0.392321
3	0.259425
4	0.339652
5	0.166845
6	0.154618
7	0.0974734
8	0.7523
9	0.257386
10	1.21122
11	0.744174
12	1.24406
13	0.811096
14	1.21131
15	0.973128
16	1.0473
17	0.892111
18	1.59657
19	1.05905
20	2.00979
21	1.5124
22	2.64365
23	1.98834
24	2.68478
25	2.32805
26	2.33032
27	2.20174
28	2.42531
29	1.93554
30	2.11771
31	1.85643
32	2.02078
33	2.00719
34	2.89293
35	2.45235
36	3.17396
37	2.56326
38	3.37334
39	3.1136
40	3.39049
41	3.24598
42	3.79495
43	3.46519
44	3.52886
45	3.44427
46	3.5352
47	3.04496
48	4.10618
49	3.50731
50	3.70676
51	3.54939
52	3.80841
53	3.57161
54	4.06405
55	3.84224
56	4.26368
57	3.70917
58	3.77021
59	3.64852
60	3.88045
61	3.63916
62	4.04785
63	3.87917
64	3.86296
65	3.79972
66	4.02499
67	3.75589
68	4.0315
69	3.89181
70	3.95584
71	3.72978
72	3.70094
73	3.62733
74	3.78333
75	3.75023
76	3.74949
77	3.7292
78	4.06373
79	3.98254
0	0.17792
1	0.151363
2	0.48212
3	0.346627
4	0.431751
5	0.396471
6	1.85213
7	1.55529
8	1.43901
9	1.40542
10	1.82944
11	1.72443
12	2.55292
13	2.16119
14	2.68791
15	2.2646
16	2.59074
17	2.39907
18	3.02756
19	2.7363
20	3.11725
21	2.78576
22	2.62094
23	2.41367
24	2.80895
25	2.59657
26	3.17609
27	2.80366
28	3.01943
29	2.74656
30	3.66604
31	2.8972
32	3.25482
33	3.16384
34	3.94869
35	3.29231
36	3.38306
37	3.25269
38	3.41643
39	3.36578
40	3.87987
41	3.79474
42	3.81454
43	3.3733
44	3.70473
45	3.07713
46	3.49969
47	3.31735
48	3.75666
49	3.74453
50	3.73319
51	3.71393
52	3.72978
53	3.72978
54	3.58441
55	3.53306
56	4.25218
57	3.91603
58	4.02499
59	3.89547
60	3.96634
61	3.79474
62	3.72355
63	3.66174
64	3.83202
65	3.78738
66	4.30467
67	3.81238
68	3.88131
69	3.79866
70	4.17194
71	3.90342
72	4.4362
73	4.2682
74	4.09628
75	4.0718
76	4.0054
77	3.92275
78	3.96358
79	3.94562
0	0.398714
1	0.236686
2	0.194491
3	0.10602
4	0.611253
5	0.485736
6	0.589536
7	0.375851
8	0.778047
9	0.559086
10	1.14733
11	1.13529
12	1.02838
13	0.841977
14	0.991316
15	0.78393
16	1.46671
17	1.19868
18	1.15999
19	1.14668
20	2.13384
21	1.99967
22	2.18035
23	2.07207
24	2.36609
25	2.33986
26	2.57275
27	2.50055
28	2.81163
29	2.62058
30	3.00506
31	2.85541
32	3.07677
33	3.06395
34	3.68085
35	3.40507
36	3.72473
37	3.64299
38	3.82615
39	3.53516
40	3.81438
41	3.332
42	3.47215
43	3.45053
44	3.85926
45	3.84224
46	3.50247
47	3.43114
48	4.10618
49	3.83234
50	4.0718
51	3.92801
52	3.97058
53	3.84166
54	4.03649
55	3.88353
56	4.00891
57	4.00394
58	4.02935
59	3.82912
60	3.87868
61	3.76594
62	3.66901
63	3.64163
64	4.25654
65	3.8275
66	4.44158
67	3.99114
68	3.96772
69	3.91868
70	4.11992
71	4.06857
72	4.07993
73	4.0315
74	3.95479
75	3.8409
76	4.02499
77	3.93965
78	3.84338
79	3.82912
0	0.596999
1	0.0806543
2	0.244419
3	0.234706
4	0.860592
5	0.407489
6	0.363001
7	0.313349
8	0.481782
9	0.396771
10	0.70683
11	0.623878
12	0.895748
13	0.710176
14	1.26567
15	1.24133
16	1.2627
17	1.06987
18	1.49186
19	1.39778
20	1.42588
21	1.22698
22	2.08415
23	1.71605
24	2.9249
25	2.19454
26	2.98566
27	2.89184
28	3.32264
29	2.82882
30	3.52648
31	3.19601
32	3.90801
33	3.37179
34	3.72865
35	3.37684
36	3.61399
37	3.56025
38	3.85144
39	3.81776
40	4.04247
41	3.40501
42	3.72817
43	3.47433
44	4.16059
45	3.97172
46	4.34533
47	3.95775
48	3.90248
49	3.85699
50	4.26282
51	4.02206
52	4.14892
53	3.88551
54	4.0718
55	4.04699
56	4.12384
57	3.81836
58	4.13374
59	4.04699
60	4.0108
61	3.97656
62	4.16059
63	4.06405
64	3.97847
65	3.93004
66	3.91518
67	3.79382
68	3.92259
69	3.87529
70	4.16086
71	3.98806
72	3.97978
73	3.92711
74	3.92343
75	3.74644
76	4.03533
77	3.76509
78	3.6601
79	3.55496
0	0.0544893
1	0.0196316
2	0.413983
3	0.279611
4	0.0468067
5	-0.00416136
6	0.163708
7	0.0565933
8	0.222697
9	0.206256
10	0.722175
11	0.480356
12	1.2824
13	1.0883
14	1.0981
15	0.985229
16	1.36741
17	1.10893
18	2.08816
19	1.5957
20	2.32524
21	2.29257
22	3.11247
23	2.81102
24	3.40501
25	3.23563
26	3.81454
27	3.20185
28	3.40907
29	3.3686
30	3.56927
31	3.47354
32	3.84961
33	3.35533
34	3.71014
35	3.67761
36	3.96227
37	3.61619
38	3.69441
39	3.57891
40	4.08315
41	3.42194
42	3.69104
43	3.45271
44	4.13858
45	3.85144
46	4.01476
47	3.86981
48	3.84822
49	3.50843
50	3.87348
51	3.77058
52	4.119
53	3.99258
54	3.97102
55	3.96504
56	4.12238
57	3.65182
58	3.97363
59	3.86948
60	4.00394
61	3.91575
62	3.85699
63	3.84822
64	3.96825
65	3.80025
66	4.04699
67	3.89973
68	3.93964
69	3.92769
70	4.19492
71	4.0107
72	4.37642
73	4.21439
74	3.8351
75	3.70709
76	3.89053
77	3.82476
78	3.76395
79	3.62336
0	0.252707
1	0.185938
2	0.0840526
3	0.0743088
4	0.230155
5	0.0655452
6	0.155526
7	0.0745694
8	0.704546
9	0.411039
10	0.587317
11	0.384335
12	0.606162
13	0.241054
14	1.10659
15	0.781887
16	1.30208
17	0.766206
18	1.58782
19	1.27283
20	2.37189
21	2.25991
22	2.16482
23	1.93865
24	2.39376
25	2.35799
26	2.97735
27	2.72193
28	3.41659
29	3.36662
30	3.44491
31	3.20348
32	3.73098
33	3.70371
34	3.48231
35	3.31465
36	3.51589
37	3.48452
38	3.87593
39	3.61084
40	3.83294
41	3.49404
42	3.9365
43	3.86619
44	3.46193
45	3.30346
46	3.9652
47	3.94475
48	4.07586
49	3.87217
50	3.8971
51	3.88045
52	4.12836
53	3.78392
54	3.80916
55	3.63678
56	3.66465
57	3.51883
58	4.17194
59	3.95338
60	3.73173
61	3.6961
62	3.68811
63	3.66242
64	4.11786
65	4.10764
66	4.05237
67	4.03228
68	4.05237
69	3.8589
70	4.18217
71	3.8259
72	4.39914
73	3.95629
74	4.04071
75	3.96504
76	4.24518
77	3.66894
78	3.88729
79	3.74921
0	0.189307
1	0.0644741
2	0.210186
3	0.0763365
4	0.413322
5	0.0390842
6	0.747657
7	0.439128
8	1.05125
9	0.898991
10	1.66836
11	1.63228
12	1.63538
13	1.57986
14	1.41646
15	1.14649
16	1.74292
17	1.71954
18	1.99188
19	1.91016
20	2.40516
21	2.29679
22	2.92097
23	2.88311
24	3.4182
25	3.08538
26	3.6047
27	3.4058
28	3.24973
29	3.1643
30	3.50115
31	3.46279
32	3.5086
33	3.48059
34	3.62949
35	3.60306
36	4.05297
37	3.89633
38	3.88643
39	3.87964
40	3.75076
41	3.70692
42	4.06857
43	3.74631
44	3.74921
45	3.56632
46	4.07718
47	3.93733
48	3.98748
49	3.93965
50	4.35555
51	3.89067
52	4.20273
53	4.06373
54	4.10678
55	3.91575
56	4.08315
57	3.98385
58	4.23191
59	4.17941
60	4.07282
61	3.99346
62	4.27418
63	3.85214
64	4.00166
65	3.99174
66	4.20901
67	4.1008
68	4.32201
69	4.15461
70	4.28554
71	4.27418
72	3.97311
73	3.82972
74	4.08478
75	3.79904
76	4.2306
77	4.07718
78	3.99856
79	3.96956
0	0.169455
1	0.000370943
2	0.253967
3	0.159796
4	0.305449
5	0.289554
6	0.162919
7	0.153398
8	0.713206
9	0.649536
10	1.10358
11	0.781104
12	1.24782
13	0.838275
14	0.983725
15	0.829434
16	2.08192
17	1.37779
18	1.55442
19	1.32791
20	2.50281
21	1.57601
22	3.17208
23	2.94207
24	2.68377
25	2.62019
26	2.87319
27	2.74225
28	3.09305
29	3.01961
30	3.33461
31	3.28898
32	3.32303
33	3.31544
34	3.52319
35	3.29148
36	3.98092
37	3.62652
38	3.94056
39	3.87416
40	3.87893
41	3.7675
42	3.89213
43	3.68469
44	4.10618
45	3.88477
46	4.32799
47	4.13374
48	4.07864
49	4.05863
50	3.80509
51	3.76534
52	3.82374
53	3.82154
54	3.87571
55	3.87389
56	4.20566
57	4.03635
58	3.85161
59	3.84224
60	3.96036
61	3.95498
62	3.8589
63	3.71846
64	3.92597
65	3.9193
66	3.82036
67	3.74835
68	3.94362
69	3.91823
70	4.07777
71	3.98268
72	4.04785
73	3.93411
74	4.16059
75	4.1008
76	4.04189
77	3.98748
78	4.15441
79	4.05284
0	0.402607
1	0.150568
2	0.302281
3	0.228856
4	0.243141
5	0.184794
6	0.563471
7	0.29118
8	0.869343
9	0.682338
10	0.668971
11	0.616082
12	1.11732
13	0.902167
14	1.08634
15	0.909805
16	1.12202
17	1.00064
18	1.38055
19	1.36462
20	1.21983
21	1.15563
22	1.62986
23	1.43539
24	1.83214
25	1.72817
26	2.84381
27	2.269
28	2.63171
29	2.38869
30	2.79359
31	2.77316
32	2.97565
33	2.94994
34	3.54209
35	3.37572
36	3.34716
37	3.32145
38	3.32182
39	3.2756
40	3.32567
41	3.28966
42	3.52821
43	3.41472
44	3.816
45	3.59871
46	4.05721
47	3.82036
48	3.89973
49	3.66941
50	3.63074
51	3.37168
52	4.13374
53	3.7164
54	3.809
55	3.78817
56	3.8443
57	3.73873
58	4.25654
59	3.95611
60	3.98092
61	3.83682
62	4.22575
63	3.78129
64	4.04071
65	3.93733
66	4.0718
67	3.89004
68	4.22037
69	3.82374
70	3.98576
71	3.97118
72	3.79434
73	3.65765
74	3.98866
75	3.81012
76	3.77649
77	3.76627
78	3.69053
79	3.67964
0	0.316316
1	0.293974
2	0.155843
3	0.0776193
4	0.537359
5	0.269022
6	0.524176
7	0.479638
8	0.803224
9	0.660698
10	1.0038
11	0.937668
12	1.26435
13	0.947792
14	1.12953
15	0.930401
16	1.46622
17	0.876623
18	1.39138
19	0.895344
20	1.79702
21	1.53049
22	1.39665
23	1.17112
24	2.37705
25	1.4513
26	2.1603
27	2.05548
28	2.62798
29	2.14147
30	2.90855
31	1.94206
32	3.41335
33	2.33348
34	2.82579
35	2.57517
36	3.53239
37	3.0689
38	3.44882
39	3.21553
40	2.9425
41	2.73031
42	2.93428
43	2.90016
44	3.42272
45	3.24111
46	2.85162
47	2.71862
48	3.63664
49	3.19897
50	3.26277
51	3.24423
52	3.59435
53	3.58661
54	3.56094
55	3.44136
56	3.54668
57	3.49636
58	3.81454
59	3.7139
60	3.76541
61	3.55496
62	3.96634
63	3.92275
64	3.83832
65	3.81002
66	3.83051
67	3.51966
68	4.02483
69	3.53102
70	3.89375
71	3.7982
72	3.5843
73	3.47215
74	3.84822
75	3.53069
76	3.58208
77	3.55922
78	3.65633
79	3.64938
0	0.288672
1	0.189544
2	0.664392
3	0.182792
4	0.153395
5	0.109158
6	0.358695
7	0.2595
8	0.41263
9	0.297828
10	1.05312
11	0.497098
12	0.700929
13	0.637288
14	0.945621
15	0.914305
16	2.35497
17	1.59803
18	1.59962
19	1.50762
20	1.91335
21	1.82398
22	2.46913
23	2.04486
24	1.50604
25	1.38308
26	1.91427
27	1.84095
28	2.4499
29	2.08134
30	2.11128
31	2.07273
32	2.70656
33	2.49823
34	3.10412
35	3.06636
36	2.81052
37	2.75569
38	3.11787
39	2.7622
40	3.40878
41	3.33343
42	3.12188
43	3.07836
44	3.8275
45	3.6925
46	3.5436
47	3.53268
48	3.86222
49	3.82374
50	3.91384
51	3.83103
52	3.60893
53	3.58591
54	4.32799
55	4.12238
56	3.71186
57	3.68928
58	4.09482
59	3.74644
60	3.96418
61	3.86835
62	3.87432
63	3.73463
64	4.17619
65	4.01768
66	4.04727
67	3.5774
68	3.92813
69	3.79893
70	4.04071
71	3.87508
72	4.29576
73	4.00472
74	3.98701
75	3.8385
76	3.70739
77	3.67776
78	3.91823
79	3.84338
0	0.0919709
1	0.0707586
2	0.324085
3	0.152804
4	0.343704
5	0.31161
6	0.53859
7	0.250099
8	0.165501
9	0.0839292
10	0.327
11	0.183667
12	0.562066
13	0.405679
14	1.11755
15	0.900331
16	1.40302
17	1.33018
18	1.22061
19	1.01079
20	2.26911
21	2.02005
22	3.12458
23	2.34962
24	2.61459
25	2.59895
26	2.80248
27	2.76078
28	3.28175
29	2.97729
30	3.16442
31	3.00924
32	3.41215
33	3.23788
34	3.45713
35	3.38536
36	3.81836
37	3.71014
38	3.91677
39	3.89181
40	4.01608
41	3.73173
42	4.03591
43	3.8605
44	3.81332
45	3.7107
46	3.68884
47	3.66013
48	4.05383
49	3.68652
50	4.117
51	4.11216
52	4.03957
53	3.96036
54	4.17081
55	4.11102
56	4.13858
57	3.90117
58	4.18217
59	4.12352
60	4.05721
61	4.03957
62	3.96227
63	3.93426
64	4.11216
65	4.05721
66	4.22037
67	4.16656
68	4.16145
69	4.10678
70	4.15461
71	4.05775
72	4.04785
73	3.97554
74	4.07777
75	4.06857
76	4.2682
77	4.11216
78	4.27418
79	4.22575
0	0.268792
1	0.209809
2	0.578106
3	0.0847012
4	0.186774
5	0.160646
6	0.183543
7	0.169867
8	0.54557
9	0.417792
10	0.890718
11	0.769298
12	1.24284
13	0.962652
14	1.45376
15	1.32171
16	1.60843
17	1.4713
18	1.49958
19	1.32568
20	2.4841
21	2.36
22	2.07806
23	1.9138
24	2.66702
25	2.37528
26	2.06303
27	1.70584
28	2.98019
29	2.0278
30	2.81968
31	2.79493
32	3.40016
33	3.3989
34	3.92407
35	3.4634
36	3.89519
37	3.48676
38	3.48702
39	3.30577
40	3.63928
41	3.34386
42	3.6734
43	3.50365
44	3.71369
45	3.65425
46	3.80259
47	3.75229
48	3.84166
49	3.18628
50	3.70995
51	3.60547
52	3.99404
53	3.44583
54	3.98806
55	3.7939
56	4.26282
57	3.77209
58	4.29899
59	3.949
60	3.90655
61	3.82664
62	4.34419
63	3.68087
64	4.06857
65	4.02612
66	4.27418
67	4.03037
68	4.23191
69	3.75971
70	4.18217
71	4.17733
72	4.16483
73	3.97656
74	4.26966
75	4.05237
76	4.2306
77	3.86003
78	4.29038
79	4.04555
0	-0.054629
1	-0.0553041
2	0.0874092
3	0.0201806
4	0.128564
5	0.07263
6	0.518613
7	0.450394
8	0.116586
9	0.111985
10	0.894773
11	0.340008
12	0.323758
13	0.242294
14	0.351846
15	0.222889
16	0.536048
17	0.520366
18	0.97809
19	0.925485
20	1.63901
21	1.48598
22	2.68449
23	1.99751
24	2.86771
25	2.37185
26	2.68453
27	2.20085
28	3.70562
29	3.44965
30	3.32586
31	3.27542
32	3.31063
33	3.20117
34	4.04071
35	3.89181
36	3.68907
37	3.50518
38	3.52064
39	3.31338
40	3.62513
41	3.56839
42	4.15009
43	3.58613
44	3.60922
45	3.585
46	3.77913
47	3.57525
48	3.24999
49	3.24448
50	3.32035
51	3.29842
52	3.58474
53	3.42093
54	3.26861
55	3.22745
56	3.56587
57	3.50745
58	3.39849
59	3.10801
60	3.90495
61	3.27435
62	3.83568
63	3.7307
64	3.58987
65	3.37037
66	3.9764
67	3.6572
68	3.89375
69	3.79295
70	3.80025
71	3.58615
72	4.06857
73	3.94023
74	3.56241
75	3.55081
76	4.08461
77	3.65885
78	3.70562
79	3.44636
0	0.0518105
1	0.0269433
2	0.257583
3	0.108886
4	0.487643
5	0.0630968
6	0.159337
7	0.0442153
8	0.460065
9	0.258593
10	0.329662
11	0.319847
12	0.416025
13	0.304751
14	0.522165
15	0.506018
16	0.906317
17	0.639604
18	0.856429
19	0.71779
20	1.4772
21	1.09827
22	1.77187
23	1.60906
24	1.83582
25	1.65244
26	2.72196
27	2.533
28	2.92266
29	2.72197
30	3.22266
31	2.54613
32	2.89785
33	2.7314
34	3.39704
35	3.39005
36	3.25764
37	2.8334
38	3.81438
39	3.15956
40	3.6655
41	2.94929
42	3.43355
43	3.2092
44	4.03097
45	3.69973
46	3.59948
47	3.48495
48	3.64458
49	3.40267
50	3.80431
51	3.6672
52	4.12429
53	4.02015
54	4.22575
55	3.99856
56	4.18217
57	4.04699
58	4.2306
59	3.90248
60	4.12238
61	3.64465
62	4.32261
63	3.78328
64	3.88455
65	3.65227
66	3.99114
67	3.70078
68	3.65306
69	3.5789
70	4.02015
71	3.81807
72	4.18217
73	3.85859
74	4.12238
75	3.99856
76	3.87755
77	3.76509
78	4.06857
79	3.70823
0	0.0648679
1	0.0601768
2	0.400062
3	0.268737
4	0.298759
5	0.276541
6	1.04843
7	0.689845
8	1.5351
9	1.03037
10	1.19528
11	0.761599
12	1.4122
13	1.35287
14	1.73444
15	1.2053
16	1.78731
17	1.78026
18	1.96313
19	1.66333
20	2.68174
21	2.04503
22	2.54084
23	2.52837
24	2.74839
25	2.72096
26	2.99985
27	2.78922
28	3.14983
29	3.10449
30	3.54653
31	3.34301
32	3.61475
33	3.50801
34	3.5576
35	3.51933
36	4.03635
37	4.00879
38	4.04686
39	3.85906
40	3.70344
41	3.64439
42	3.93965
43	3.93733
44	4.02499
45	3.80302
46	3.84968
47	3.8189
48	3.86194
49	3.5774
50	3.93298
51	3.63822
52	3.73004
53	3.69158
54	3.92201
55	3.85551
56	3.46729
57	3.41169
58	4.07777
59	3.68712
60	3.6833
61	3.66462
62	4.02935
63	3.91575
64	3.88455
65	3.87755
66	3.60148
67	3.56432
68	3.91677
69	3.76395
70	4.22575
71	4.00879
72	3.98748
73	3.93733
74	4.12352
75	3.98268
76	4.09451
77	3.93877
78	4.119
79	4.06971
0	0.138167
1	0.0952047
2	0.237623
3	0.114653
4	0.459206
5	0.271726
6	0.338634
7	0.305394
8	0.69683
9	0.410924
10	0.903499
11	0.855797
12	1.61101
13	1.36482
14	1.90304
15	1.1274
16	1.42713
17	1.14317
18	1.65442
19	1.58645
20	2.68176
21	2.09888
22	3.78112
23	2.9178
24	3.85302
25	3.16614
26	3.16295
27	3.14645
28	3.19552
29	3.10581
30	3.63994
31	3.46363
32	3.45128
33	3.18804
34	3.92711
35	3.63605
36	3.62949
37	3.47798
38	4.02206
39	3.97656
40	3.83803
41	3.72415
42	4.10618
43	3.7071
44	3.71369
45	3.67931
46	3.88353
47	3.70823
48	4.01476
49	3.99712
50	4.25684
51	4.06259
52	3.93733
53	3.76509
54	3.74566
55	3.64799
56	3.96634
57	3.92113
58	3.97847
59	3.88675
60	3.92952
61	3.71744
62	4.00992
63	3.96096
64	4.19137
65	3.63088
66	4.07455
67	3.75943
68	4.11963
69	3.85274
70	4.1256
71	3.8605
72	4.27418
73	3.98092
74	4.05383
75	3.87755
76	3.94756
77	3.8351
78	4.06857
79	3.84224
0	-0.0262211
1	-0.046955
2	0.203584
3	0.12195
4	0.626166
5	0.301048
6	0.735197
7	0.509268
8	1.09906
9	0.311424
10	1.90454
11	1.737
12	2.86662
13	2.62463
14	2.20527
15	1.98328
16	2.88368
17	2.81949
18	2.61121
19	2.5641
20	3.17861
21	3.09395
22	3.68759
23	3.4373
24	3.11522
25	3.05666
26	3.38922
27	2.97593
28	3.45122
29	3.36446
30	2.9542
31	2.9218
32	2.9533
33	2.83406
34	3.63239
35	3.49418
36	3.21159
37	2.8476
38	3.88497
39	3.46894
40	3.68928
41	3.54859
42	3.62949
43	3.39307
44	3.97612
45	3.70709
46	4.12836
47	4.08184
48	4.117
49	3.91431
50	4.04699
51	3.96634
52	3.92711
53	3.91791
54	4.15607
55	3.91575
56	3.96036
57	3.95498
58	3.86894
59	3.78379
60	3.95848
61	3.93792
62	3.99856
63	3.78187
64	3.89149
65	3.86194
66	4.11216
67	3.92113
68	4.32261
69	4.07115
70	4.19353
71	4.03649
72	3.94756
73	3.81047
74	3.75683
75	3.75182
76	3.86428
77	3.6354
78	4.32201
79	4.11216
0	0.12041
1	0.0749341
2	0.0394434
3	0.0121901
4	0.243346
5	0.241092
6	0.240714
7	0.13663
8	0.166312
9	0.0848671
10	0.341323
11	0.302474
12	0.471507
13	0.129867
14	0.348429
15	0.182409
16	0.168563
17	0.13692
18	0.578231
19	0.438846
20	0.781443
21	0.662659
22	1.04603
23	0.555663
24	0.996004
25	0.804748
26	1.36856
27	1.14005
28	1.96265
29	1.76517
30	2.58174
31	2.29803
32	2.5465
33	2.33199
34	2.84972
35	2.5765
36	2.84694
37	2.56117
38	2.85917
39	2.74539
40	3.1263
41	3.01975
42	3.08236
43	2.95211
44	3.21708
45	3.04664
46	3.65849
47	3.31217
48	3.73508
49	3.44319
50	3.40023
51	3.3285
52	3.88353
53	3.60049
54	3.53602
55	3.45315
56	2.77979
57	2.66438
58	3.84764
59	3.73895
60	3.81438
61	3.56673
62	3.38238
63	3.37897
64	3.48689
65	3.41512
66	3.81047
67	3.30329
68	4.07993
69	3.80754
70	3.8589
71	3.79268
72	3.56564
73	3.5016
74	3.81454
75	3.60677
76	3.76318
77	3.69211
78	4.05835
79	3.85577
0	0.196611
1	0.0676168
2	0.423957
3	0.119715
4	0.558958
5	0.168706
6	0.197936
7	0.160452
8	0.352682
9	0.150001
10	0.280757
11	0.200609
12	0.59033
13	0.48545
14	0.618717
15	0.55308
16	0.552844
17	0.53997
18	0.674963
19	0.519521
20	1.02514
21	0.751636
22	1.91305
23	1.87691
24	1.76965
25	1.67889
26	2.08353
27	1.89972
28	2.46424
29	2.01088
30	2.47164
31	2.05095
32	2.66733
33	2.58189
34	2.59966
35	2.32587
36	2.42715
37	2.35977
38	2.65492
39	2.64456
40	3.17371
41	3.13445
42	2.87516
43	2.80747
44	2.85195
45	2.83355
46	3.35279
47	3.12127
48	3.26189
49	3.25658
50	3.17315
51	3.02133
52	3.53994
53	3.31782
54	3.45264
55	3.12082
56	3.25859
57	2.88699
58	3.59317
59	3.38997
60	3.17539
61	3.1047
62	3.31854
63	3.29877
64	3.82444
65	3.11587
66	3.57286
67	3.33959
68	3.22456
69	3.20086
70	3.74053
71	3.6734
72	4.13374
73	3.50808
74	3.71153
75	3.55818
76	3.82374
77	3.72355
78	3.32436
79	3.26516
0	0.107025
1	0.034123
2	0.117419
3	0.043874
4	0.516265
5	0.364656
6	0.864914
7	0.304192
8	0.453767
9	0.304579
10	1.33849
11	0.876026
12	1.83551
13	1.18446
14	2.16117
15	2.0573
16	2.70582
17	2.1648
18	2.48928
19	2.10406
20	3.32644
21	2.99534
22	3.4964
23	3.17364
24	3.60929
25	3.09033
26	3.23933
27	3.23479
28	3.6101
29	3.46237
30	3.2791
31	3.04998
32	3.18306
33	2.99288
34	3.27482
35	3.05985
36	3.81294
37	3.4159
38	3.48336
39	3.34264
40	3.69935
41	3.38547
42	3.85302
43	3.22293
44	3.6649
45	3.29693
46	3.39556
47	3.23849
48	3.32403
49	3.24325
50	3.90655
51	3.80243
52	3.74093
53	3.52283
54	3.77602
55	3.76128
56	3.60187
57	3.48635
58	4.13696
59	3.28052
60	3.25118
61	3.25041
62	3.60174
63	3.52276
64	3.91225
65	3.7254
66	3.54901
67	3.27546
68	3.64336
69	3.57298
70	3.50115
71	3.28721
72	3.84224
73	3.70285
74	3.80431
75	3.76233
76	3.96143
77	3.93858
78	4.33935
79	3.85786
0	0.422252
1	0.248924
2	0.11586
3	0.0925172
4	0.200694
5	0.147249
6	0.408406
7	0.123295
8	0.569644
9	0.373902
10	0.493355
11	0.286878
12	1.23656
13	0.58794
14	0.976568
15	0.974958
16	1.53932
17	1.5219
18	1.84363
19	1.54564
20	2.55532
21	2.29165
22	2.06901
23	1.53959
24	2.67307
25	2.5912
26	2.79947
27	2.72739
28	3.33783
29	2.96061
30	3.61509
31	3.38406
32	3.68455
33	3.34025
34	3.75214
35	3.72428
36	3.70386
37	3.31299
38	3.80464
39	3.48758
40	3.69687
41	3.58168
42	4.18217
43	3.8351
44	3.58283
45	3.56416
46	4.05807
47	3.88045
48	3.90977
49	3.87755
50	4.17194
51	4.05835
52	4.06259
53	3.90057
54	3.85255
55	3.71285
56	4.08913
57	4.03473
58	4.03245
59	3.76557
60	4.02015
61	3.80916
62	4.00879
63	3.90846
64	3.95906
65	3.85285
66	4.00281
67	3.65758
68	4.11216
69	3.99305
70	4.28554
71	4.25816
72	4.22037
73	4.12967
74	3.99712
75	3.91575
76	4.2306
77	4.12352
78	4.03591
79	3.96227
0	0.22801
1	0.14901
2	0.500357
3	0.04769
4	0.538325
5	0.323084
6	0.384263
7	0.132431
8	0.504833
9	0.475439
10	0.395243
11	0.380875
12	0.961048
13	0.743032
14	0.753751
15	0.590676
16	1.36404
17	0.847199
18	1.56355
19	1.26565
20	1.57264
21	1.50194
22	1.66337
23	1.62623
24	3.02979
25	2.84769
26	3.05508
27	2.78689
28	2.90381
29	2.41155
30	3.29257
31	3.17315
32	3.72256
33	3.59349
34	3.20008
35	2.98282
36	3.48689
37	2.99524
38	3.17715
39	3.12139
40	3.25326
41	3.08701
42	2.81326
43	2.70569
44	3.16645
45	2.7795
46	2.57153
47	2.51119
48	2.52636
49	2.51054
50	2.49838
51	2.11305
52	2.88752
53	2.85751
54	2.70948
55	2.60942
56	3.39235
57	3.1334
58	3.08463
59	3.05231
60	3.36517
61	3.12719
62	3.78406
63	3.35252
64	3.32048
65	3.28166
66	3.51559
67	3.33155
68	3.95498
69	3.32129
70	3.59113
71	3.45053
72	3.56868
73	3.45318
74	3.98092
75	3.73943
76	3.50792
77	3.38451
78	3.82374
79	3.23591
0	0.13408
1	0.0334137
2	0.404561
3	0.154562
4	0.332017
5	0.211547
6	0.841518
7	0.783259
8	0.796728
9	0.502077
10	1.12659
11	1.01875
12	0.691516
13	0.610816
14	1.22864
15	1.10546
16	1.14623
17	1.14296
18	1.13391
19	0.741473
20	1.52324
21	1.09104
22	1.53611
23	1.36787
24	2.14904
25	1.26615
26	1.48816
27	1.33687
28	2.93419
29	2.49765
30	3.39612
31	3.12663
32	3.01747
33	3.01407
34	3.54302
35	3.19946
36	3.62949
37	3.47301
38	3.33257
39	3.30765
40	3.86931
41	3.57492
42	3.77531
43	3.64358
44	3.53437
45	3.48979
46	4.08315
47	3.83686
48	3.95636
49	3.84628
50	4.0718
51	3.92275
52	3.88583
53	3.79067
54	4.00472
55	3.85758
56	4.11102
57	4.07455
58	3.88873
59	3.76933
60	3.94562
61	3.54083
62	3.85405
63	3.76057
64	4.07048
65	3.94707
66	4.05237
67	3.78745
68	3.82565
69	3.82052
70	4.09207
71	3.79979
72	4.02671
73	3.87432
74	3.89719
75	3.82008
76	3.85958
77	3.82374
78	4.01901
79	3.78745
0	0.253952
1	0.160983
2	0.305904
3	0.217102
4	0.42959
5	0.247847
6	0.725225
7	0.309375
8	0.722786
9	0.595396
10	0.774746
11	0.733836
12	1.55975
13	1.52778
14	1.87715
15	1.75467
16	1.72406
17	1.50243
18	3.16012
19	2.58828
20	2.60425
21	2.51179
22	3.39284
23	2.94195
24	3.91253
25	3.48323
26	4.0315
27	3.28399
28	3.56882
29	3.35768
30	3.73466
31	3.66558
32	3.45037
33	3.40022
34	3.42243
35	3.25896
36	3.95498
37	3.78843
38	3.58379
39	3.47142
40	3.90203
41	3.64438
42	3.88891
43	3.5223
44	4.26222
45	4.12836
46	3.86732
47	3.7071
48	3.82329
49	3.79323
50	4.1008
51	3.85114
52	3.85699
53	3.61007
54	3.71552
55	3.70734
56	3.73754
57	3.65576
58	3.66894
59	3.44599
60	4.10764
61	4.09628
62	3.92813
63	3.79764
64	3.99712
65	3.56238
66	4.0034
67	3.87755
68	4.00454
69	3.97978
70	3.65633
71	3.58469
72	3.9496
73	3.89796
74	4.16597
75	3.67601
76	4.08315
77	4.02595
78	4.4362
79	4.11102
0	0.23812
1	0.170457
2	0.0584931
3	0.0532076
4	0.554996
5	0.172583
6	0.60979
7	0.208449
8	0.445289
9	0.225861
10	0.524399
11	0.480409
12	0.679177
13	0.582855
14	0.571896
15	0.498616
16	0.890991
17	0.744856
18	0.639893
19	0.533312
20	0.82873
21	0.763382
22	1.19653
23	1.07098
24	1.25867
25	1.03577
26	1.47194
27	1.46789
28	2.22492
29	2.00814
30	2.66992
31	2.26585
32	2.40222
33	2.22069
34	2.40072
35	2.04653
36	2.59994
37	2.5685
38	2.72269
39	2.63138
40	3.39397
41	2.51023
42	3.31705
43	3.20449
44	3.82513
45	3.37836
46	3.28725
47	3.21584
48	3.47123
49	3.34674
50	3.49584
51	3.45123
52	3.36027
53	3.17816
54	3.11376
55	3.10329
56	3.96182
57	3.77649
58	3.62858
59	3.43994
60	3.5245
61	3.14225
62	3.57627
63	3.4008
64	3.68295
65	3.30185
66	3.77531
67	3.09294
68	3.63561
69	3.6314
70	3.63647
71	3.61399
72	4.01885
73	3.82667
74	3.38238
75	3.36783
76	4.06857
77	3.73489
78	3.90248
79	3.74265
0	0.334646
1	0.258342
2	0.287372
3	0.00182292
4	0.26027
5	0.0305762
6	0.3697
7	0.348787
8	0.532816
9	0.397516
10	1.06036
11	0.92524
12	1.65644
13	1.2565
14	2.41963
15	2.22754
16	2.81791
17	2.28541
18	2.5056
19	2.18748
20	2.51154
21	2.03181
22	2.74879
23	2.23657
24	2.58718
25	2.17894
26	2.48003
27	2.25906
28	3.24961
29	2.76279
30	2.9843
31	2.98404
32	3.49346
33	2.67286
34	3.53962
35	3.25533
36	3.60062
37	3.37667
38	3.64885
39	3.25327
40	3.73157
41	3.67792
42	4.00368
43	3.73173
44	3.73404
45	3.44967
46	3.58638
47	3.28366
48	3.37789
49	3.29543
50	3.62788
51	3.61647
52	3.62004
53	3.46641
54	3.61447
55	3.58036
56	3.71085
57	3.60148
58	3.70692
59	3.60571
60	3.5146
61	3.44661
62	3.58149
63	3.19168
64	3.51208
65	3.48872
66	3.52102
67	3.35272
68	3.38304
69	3.27891
70	3.46747
71	3.42154
72	3.36727
73	3.28065
74	3.81967
75	3.13645
76	3.81186
77	3.4675
78	3.72347
79	3.67601
0	0.515178
1	0.11487
2	0.206196
3	0.158497
4	0.106872
5	0.0954757
6	0.764368
7	0.710354
8	0.921371
9	0.819801
10	1.15979
11	1.0229
12	0.83268
13	0.709736
14	1.37105
15	1.18801
16	2.10162
17	1.81751
18	2.13765
19	1.64544
20	2.56005
21	2.5449
22	3.24323
23	3.18862
24	2.96551
25	2.71572
26	3.34078
27	3.31669
28	3.8061
29	3.08981
30	4.05093
31	3.62157
32	3.68455
33	3.67615
34	4.02015
35	3.90846
36	4.06373
37	4.05835
38	3.80916
39	3.67964
40	3.69537
41	3.60486
42	3.77124
43	3.70608
44	3.71306
45	3.51809
46	4.09207
47	3.65354
48	3.50515
49	3.48788
50	3.83521
51	3.8275
52	4.32799
53	4.12352
54	3.61651
55	3.38084
56	3.96504
57	3.64307
58	4.03957
59	3.7011
60	4.01098
61	3.89067
62	3.98499
63	3.95664
64	3.95354
65	3.93426
66	4.15999
67	3.92711
68	4.18539
69	4.0642
70	4.18815
71	4.07993
72	4.07395
73	4.05775
74	3.98092
75	3.93485
76	3.83994
77	3.76643
78	4.30497
79	4.16597
0	0.350325
1	0.252436
2	0.238112
3	0.0558488
4	0.222757
5	0.129519
6	0.48207
7	0.351782
8	0.602591
9	0.533379
10	0.722014
11	0.524918
12	0.91944
13	0.758587
14	1.2713
15	1.2131
16	1.72049
17	1.51281
18	1.27652
19	1.20626
20	1.15876
21	0.787842
22	0.946466
23	0.802881
24	1.35687
25	1.02216
26	1.27576
27	1.19949
28	1.90396
29	1.30618
30	1.75364
31	1.54499
32	1.65168
33	1.62505
34	2.49813
35	2.40591
36	2.58091
37	2.42994
38	2.49561
39	2.41922
40	3.39778
41	2.89659
42	3.12887
43	3.09932
44	3.27757
45	3.15893
46	3.64991
47	3.31275
48	3.77531
49	3.44531
50	3.79151
51	3.57664
52	3.96812
53	3.85452
54	3.91575
55	3.85506
56	3.9652
57	3.80916
58	3.68213
59	3.67964
60	3.75857
61	3.73173
62	4.29768
63	4.01799
64	3.67499
65	3.66901
66	3.92259
67	3.91661
68	4.08315
69	3.97474
70	4.07993
71	3.87755
72	3.54764
73	3.46133
74	4.13374
75	3.83635
76	3.96036
77	3.8427
78	3.92711
79	3.74093
0	0.409628
1	0.315683
2	0.529404
3	0.171228
4	0.491045
5	0.235721
6	0.800262
7	0.633055
8	0.623132
9	0.594472
10	0.768502
11	0.689786
12	1.00554
13	0.570661
14	1.33592
15	1.16864
16	0.807372
17	0.620144
18	0.96212
19	0.758318
20	1.59708
21	1.21487
22	2.47559
23	2.04358
24	2.1874
25	2.10785
26	2.64719
27	2.09969
28	2.47981
29	1.95262
30	1.79198
31	1.78304
32	2.0787
33	1.55918
34	2.21224
35	1.99011
36	1.8557
37	1.66079
38	3.24131
39	2.21554
40	3.04415
41	2.7914
42	2.27509
43	1.96028
44	2.49169
45	2.18079
46	3.2531
47	2.90687
48	3.04405
49	2.61519
50	2.99798
51	2.78976
52	3.33085
53	2.97599
54	2.89138
55	2.88008
56	2.82606
57	2.58544
58	3.04619
59	3.04307
60	3.45101
61	3.01885
62	3.19313
63	3.08279
64	3.63869
65	3.46193
66	4.12238
67	4.03037
68	3.53114
69	3.43045
70	3.86442
71	3.50808
72	3.66769
73	3.29052
74	3.36924
75	3.32633
76	3.53147
77	2.94164
78	3.90655
79	3.68448
0	0.408252
1	0.300838
2	0.403179
3	0.155432
4	0.858891
5	0.300636
6	0.590819
7	0.408561
8	0.982477
9	0.468061
10	1.25982
11	0.893975
12	1.28549
13	0.695919
14	2.091
15	1.37207
16	1.29672
17	1.24188
18	1.27612
19	1.02058
20	2.14067
21	1.98223
22	1.87003
23	1.86729
24	2.11392
25	1.8165
26	2.04376
27	1.74669
28	1.51677
29	1.24298
30	1.43219
31	0.855258
32	2.18088
33	1.67321
34	2.24704
35	1.82834
36	2.54102
37	2.10589
38	2.99543
39	2.69463
40	2.94748
41	2.84248
42	3.00501
43	2.84016
44	2.60347
45	2.48351
46	2.98917
47	2.79663
48	3.17315
49	2.96484
50	4.0034
51	3.0994
52	3.85413
53	3.67792
54	3.43369
55	3.34667
56	3.37315
57	3.34988
58	3.69687
59	3.47347
60	4.00992
61	3.69072
62	3.83654
63	3.76204
64	3.87217
65	3.75182
66	3.94654
67	3.8317
68	3.83686
69	3.78785
70	3.89811
71	3.85812
72	4.25654
73	3.93195
74	4.17733
75	4.11754
76	3.63213
77	3.58715
78	3.8628
79	3.79979
0	0.443389
1	0.218724
2	0.715657
3	0.0997066
4	0.562967
5	0.50584
6	0.496932
7	0.234935
8	1.18995
9	0.563154
10	1.33866
11	0.910783
12	1.36228
13	1.06776
14	1.25262
15	0.789551
16	1.77817
17	1.57726
18	1.91246
19	1.78065
20	2.30355
21	2.02162
22	2.10238
23	2.01646
24	2.7152
25	2.70362
26	2.8923
27	2.62515
28	3.6104
29	3.47112
30	3.71552
31	3.51834
32	3.72721
33	3.37285
34	3.85855
35	3.74139
36	3.4007
37	3.29987
38	3.19094
39	3.15307
40	3.18341
41	3.12626
42	3.56518
43	3.15629
44	3.83058
45	3.6664
46	4.28554
47	4.04727
48	3.93733
49	3.84532
50	4.14994
51	4.05383
52	4.39375
53	3.96616
54	4.12836
55	4.02015
56	3.96036
57	3.95013
58	4.26966
59	4.22575
60	4.21439
61	4.04699
62	4.11216
63	4.00879
64	4.22462
65	4.16597
66	4.25116
67	4.15914
68	4.26282
69	4.00034
70	4.06857
71	3.87571
72	4.05415
73	3.74139
74	4.04247
75	3.79921
76	4.32201
77	4.21864
78	4.1008
79	3.98866
0	0.14617
1	0.0615139
2	0.152133
3	0.110124
4	0.162209
5	0.117943
6	0.0844673
7	0.0588285
8	0.494475
9	0.298992
10	0.453644
11	0.125252
12	0.719426
13	0.67147
14	0.313231
15	0.303383
16	0.804986
17	0.697677
18	0.449777
19	0.340824
20	0.536832
21	0.52538
22	0.592232
23	0.372098
24	0.668874
25	0.62251
26	1.39981
27	0.902511
28	0.78063
29	0.573674
30	1.13973
31	0.531259
32	1.0122
33	0.663487
34	1.73622
35	1.16815
36	1.30392
37	0.800085
38	1.61592
39	1.43932
40	1.33023
41	1.30264
42	1.73798
43	1.63917
44	1.50294
45	1.00958
46	1.62113
47	1.2839
48	1.83043
49	1.82469
50	2.34634
51	2.18517
52	2.84188
53	2.67148
54	2.74765
55	2.67473
56	2.99008
57	2.94263
58	3.83088
59	3.12861
60	3.18309
61	3.08193
62	3.87416
63	3.59967
64	3.43213
65	3.2717
66	3.48776
67	3.39472
68	3.96036
69	3.92711
70	3.70233
71	3.64163
72	4.06857
73	3.67834
74	3.66797
75	3.61474
76	3.72865
77	3.36801
78	3.92113
79	3.74918
0	0.245893
1	0.0351056
2	0.284881
3	0.200995
4	0.372631
5	0.0426868
6	1.3403
7	0.403875
8	0.61434
9	0.555571
10	0.985624
11	0.639399
12	0.790961
13	0.483298
14	0.467219
15	0.241703
16	0.43354
17	0.430803
18	0.562277
19	0.343128
20	0.706368
21	0.594017
22	1.45466
23	1.2834
24	1.56866
25	1.15138
26	1.04471
27	1.01679
28	0.935848
29	0.935573
30	2.40485
31	1.89026
32	1.80381
33	1.50004
34	2.41838
35	2.22949
36	2.10818
37	1.6977
38	2.94163
39	2.1778
40	3.63503
41	2.52173
42	2.74521
43	2.74246
44	2.83127
45	2.80329
46	2.77306
47	2.59273
48	3.03199
49	2.68941
50	2.90424
51	2.85673
52	3.40698
53	3.15741
54	3.39613
55	3.32069
56	3.45906
57	3.44859
58	3.38729
59	3.19189
60	3.31589
61	3.22626
62	3.58485
63	3.41628
64	3.6302
65	3.54086
66	3.48121
67	3.4198
68	3.63643
69	3.41235
70	3.69422
71	3.61213
72	3.86689
73	3.58062
74	3.81454
75	3.78678
76	3.95789
77	3.88594
78	3.7675
79	3.49706
0	0.200051
1	0.156067
2	0.045998
3	-0.0510771
4	0.230371
5	0.0440081
6	0.38796
7	0.243003
8	0.749019
9	0.313588
10	0.733422
11	0.644915
12	1.10341
13	0.880325
14	1.74925
15	1.17662
16	1.57891
17	1.4755
18	2.3776
19	2.10125
20	1.77373
21	1.69311
22	2.49041
23	2.19681
24	2.72334
25	2.59662
26	2.9035
27	2.83391
28	3.30666
29	3.27033
30	3.50147
31	3.25243
32	3.49873
33	3.32325
34	3.60388
35	3.52886
36	3.56703
37	3.28199
38	3.85958
39	3.4242
40	3.51728
41	3.32758
42	3.68634
43	3.65397
44	3.91791
45	3.91339
46	3.77304
47	3.62092
48	4.31094
49	3.74889
50	3.87901
51	3.71784
52	3.76653
53	3.59419
54	3.86732
55	3.85214
56	3.69979
57	3.61909
58	3.79706
59	3.67446
60	3.53843
61	3.49706
62	4.04785
63	3.77722
64	3.93426
65	3.83832
66	3.76057
67	3.58885
68	3.93339
69	3.38513
70	3.76395
71	3.74679
72	3.81556
73	3.71298
74	3.97511
75	3.96812
76	3.83832
77	3.78975
78	3.97118
79	3.91431
0	0.0742328
1	0.0230052
2	0.516476
3	0.319207
4	0.589991
5	0.19183
6	0.218188
7	0.164436
8	0.936085
9	0.418947
10	0.501646
11	0.347733
12	1.52944
13	0.868479
14	1.035
15	0.66339
16	1.23873
17	0.999628
18	1.10725
19	1.04856
20	1.27791
21	0.959684
22	1.93264
23	1.74834
24	1.93824
25	1.90213
26	2.24452
27	2.07222
28	2.54103
29	1.89016
30	2.67882
31	2.45496
32	2.77473
33	2.17428
34	2.69039
35	2.32145
36	2.32705
37	2.31363
38	2.86817
39	2.58682
40	3.38819
41	3.17259
42	3.28636
43	3.02594
44	2.83175
45	2.73758
46	2.7823
47	2.71692
48	3.28961
49	3.2315
50	3.15932
51	3.08673
52	3.51867
53	3.47972
54	3.87571
55	3.67828
56	3.8134
57	3.76611
58	4.11102
59	3.87755
60	4.15607
61	3.89359
62	4.00879
63	3.85144
64	3.89811
65	3.75663
66	4.13374
67	4.03533
68	4.37642
69	4.21439
70	4.04071
71	4.01017
72	4.07993
73	3.95046
74	4.25684
75	4.0788
76	3.89897
77	3.75784
78	3.90098
79	3.83649
0	0.215816
1	0.106358
2	0.276329
3	0.246266
4	0.2117
5	0.106467
6	0.300634
7	0.204192
8	0.54873
9	0.128586
10	0.37756
11	0.107388
12	0.577402
13	0.460554
14	0.58859
15	0.42761
16	0.819134
17	0.522064
18	0.542811
19	0.407599
20	0.398263
21	0.311784
22	0.841432
23	0.600096
24	0.645734
25	0.598666
26	0.865807
27	0.738733
28	0.88256
29	0.815466
30	1.12065
31	0.846549
32	1.03117
33	0.783753
34	1.0311
35	0.981389
36	1.2439
37	0.915239
38	0.948169
39	0.829815
40	1.38059
41	0.711677
42	1.18294
43	1.14738
44	0.986194
45	0.938682
46	1.78289
47	1.67808
48	2.22811
49	2.12348
50	2.26389
51	2.01121
52	3.16339
53	2.45052
54	2.34062
55	2.28886
56	3.10337
57	3.07202
58	3.70727
59	3.63594
60	3.4819
61	3.3388
62	3.68534
63	3.52319
64	3.15368
65	3.06218
66	3.5818
67	3.2562
68	3.90248
69	3.66769
70	3.486
71	3.28883
72	4.16597
73	4.12967
74	3.75459
75	3.66172
76	3.81351
77	3.74147
78	3.99404
79	3.56882
0	0.326684
1	0.199164
2	0.666135
3	0.385906
4	0.0598942
5	0.0498847
6	0.0873886
7	0.0744614
8	0.27336
9	0.082819
10	0.384606
11	0.359
12	0.555086
13	0.527275
14	0.916404
15	0.664831
16	0.695851
17	0.60618
18	0.913858
19	0.382632
20	0.222337
21	0.220961
22	0.954591
23	0.326772
24	1.07121
25	0.948101
26	0.673581
27	0.175557
28	0.869876
29	0.717123
30	0.793356
31	0.549699
32	0.780218
33	0.689947
34	1.0633
35	0.422484
36	0.311228
37	0.244532
38	1.07821
39	0.828454
40	1.23677
41	0.964622
42	1.44561
43	1.40013
44	3.06901
45	2.23703
46	2.1115
47	1.95851
48	2.60703
49	2.15688
50	3.05178
51	2.17918
52	3.15199
53	2.87124
54	2.99236
55	2.82845
56	4.01504
57	3.03889
58	3.38492
59	3.31976
60	3.08928
61	2.96939
62	3.38595
63	3.19486
64	3.89445
65	3.24108
66	3.23162
67	3.18192
68	4.17212
69	3.58661
70	3.87164
71	3.84954
72	4.07805
73	3.70285
74	3.76509
75	3.65478
76	3.83871
77	3.80538
78	3.84867
79	3.77286
0	0.592016
1	0.0636814
2	0.0431174
3	0.000226979
4	0.383119
5	0.156997
6	0.191827
7	0.186286
8	0.363032
9	0.211523
10	0.153641
11	0.116019
12	0.622146
13	0.552071
14	0.700091
15	0.691039
16	0.774293
17	0.672633
18	1.21774
19	0.873424
20	1.44825
21	1.41257
22	2.33494
23	1.46671
24	3.25421
25	3.16546
26	3.39326
27	3.03481
28	2.87079
29	2.82045
30	3.44703
31	2.98119
32	3.45271
33	3.38315
34	3.18921
35	3.17916
36	4.39375
37	4.11216
38	3.87755
39	3.78538
40	4.05302
41	3.80118
42	3.87755
43	3.66172
44	3.78785
45	3.61679
46	3.7733
47	3.53094
48	3.81438
49	3.58231
50	3.63796
51	3.59853
52	4.05749
53	4.04129
54	4.04189
55	3.84415
56	3.96911
57	3.6893
58	3.75229
59	3.74921
60	4.34419
61	3.96036
62	3.95644
63	3.64697
64	3.96765
65	3.75023
66	3.93426
67	3.66413
68	3.93195
69	3.76073
70	4.29576
71	3.73411
72	3.95723
73	3.89231
74	3.895
75	3.73902
76	3.78015
77	3.77099
78	3.89658
79	3.87164
0	0.298304
1	0.156909
2	0.0466921
3	-0.0412447
4	0.523059
5	0.186565
6	0.406081
7	0.295789
8	0.805561
9	0.354956
10	0.9259
11	0.644354
12	0.92918
13	0.898326
14	1.32782
15	1.06669
16	1.88196
17	1.0437
18	1.64172
19	1.18472
20	2.96937
21	1.59357
22	2.51958
23	2.25372
24	2.81814
25	2.56775
26	3.57101
27	3.05718
28	3.39617
29	2.56514
30	3.52568
31	3.22621
32	3.28334
33	3.15261
34	3.35053
35	2.79219
36	3.19096
37	2.5238
38	3.28624
39	2.89477
40	3.27978
41	2.7739
42	3.23474
43	3.14433
44	3.06616
45	2.93372
46	3.23855
47	3.1221
48	2.39005
49	2.19399
50	3.24079
51	2.38311
52	3.02248
53	2.79145
54	2.98467
55	2.779
56	3.06512
57	3.0031
58	3.70676
59	3.49842
60	3.19719
61	3.01399
62	3.46731
63	3.16156
64	3.80733
65	3.34178
66	3.39358
67	3.29295
68	3.70838
69	3.68161
70	3.66854
71	3.53353
72	4.02206
73	3.45757
74	4.08184
75	3.75621
76	3.338
77	3.29799
78	3.89547
79	3.69749
0	0.0545932
1	0.0210491
2	0.153075
3	0.141957
4	0.279013
5	0.24719
6	0.31937
7	0.138027
8	0.379653
9	0.178612
10	0.137437
11	0.0546175
12	0.235316
13	0.118908
14	0.209137
15	0.136206
16	0.479174
17	0.330859
18	0.995363
19	0.339861
20	0.877231
21	0.74526
22	0.949012
23	0.867549
24	1.43722
25	1.33362
26	2.35722
27	1.57561
28	1.84978
29	1.39241
30	1.70532
31	1.56316
32	2.27035
33	2.22182
34	2.19494
35	1.8447
36	3.18599
37	2.85498
38	2.99689
39	2.91526
40	3.66027
41	3.22384
42	3.56954
43	3.11136
44	3.19187
45	3.09653
46	3.48059
47	3.31906
48	3.6833
49	3.30954
50	3.82664
51	3.50548
52	3.87868
53	3.40326
54	4.04129
55	3.89009
56	3.85812
57	3.8317
58	3.88497
59	3.65177
60	3.53866
61	3.53672
62	3.84224
63	3.6849
64	3.84867
65	3.61371
66	3.94475
67	3.7767
68	3.73895
69	3.55746
70	3.92796
71	3.81012
72	3.66656
73	3.53502
74	3.72635
75	3.71308
76	3.60546
77	3.58345
78	4.17081
79	3.65758
0	0.22151
1	0.186028
2	0.231336
3	0.175006
4	0.234359
5	0.0146815
6	0.107633
7	0.0714366
8	0.0953328
9	0.0912203
10	0.495207
11	0.299222
12	0.817728
13	0.281285
14	0.711257
15	0.298201
16	0.200995
17	0.186168
18	0.590968
19	0.49413
20	2.15543
21	1.37698
22	1.63144
23	1.61217
24	2.61325
25	2.46609
26	2.27975
27	2.1134
28	2.73531
29	2.67812
30	3.27014
31	3.06086
32	3.30686
33	3.01435
34	3.23399
35	2.99954
36	3.39327
37	3.35206
38	3.77124
39	3.57723
40	3.60485
41	3.44136
42	3.81454
43	3.7322
44	3.64598
45	3.5938
46	4.0718
47	3.73727
48	3.83202
49	3.74756
50	3.8338
51	3.77348
52	3.79979
53	3.72865
54	3.71274
55	3.62249
56	3.90409
57	3.74265
58	4.05383
59	3.79587
60	4.37642
61	4.32799
62	4.01901
63	3.80174
64	4.06373
65	3.72282
66	4.24196
67	4.11072
68	4.06857
69	4.01476
70	4.1543
71	3.94416
72	3.9869
73	3.80464
74	4.03957
75	3.91868
76	4.08461
77	3.6488
78	3.927
79	3.8641
0	0.158227
1	0.156359
2	0.447325
3	0.192164
4	0.673551
5	0.204094
6	0.644686
7	0.535166
8	0.647871
9	0.460226
10	0.720008
11	0.688432
12	0.677455
13	0.671567
14	0.691747
15	0.644777
16	1.34335
17	1.21103
18	2.08976
19	1.2029
20	2.25318
21	2.09132
22	1.95626
23	1.91951
24	2.1121
25	1.94516
26	2.36006
27	2.01129
28	3.16103
29	2.223
30	2.86266
31	2.55303
32	2.94239
33	2.94137
34	3.16894
35	2.75565
36	2.7804
37	2.77299
38	3.26036
39	2.97257
40	3.24427
41	2.67008
42	3.41523
43	3.26615
44	3.6664
45	3.62641
46	3.98806
47	3.31706
48	3.64697
49	3.62832
50	3.59419
51	3.38967
52	3.78301
53	3.72807
54	3.78843
55	3.58441
56	3.75936
57	3.69072
58	3.62136
59	3.53986
60	3.74631
61	3.58231
62	4.09613
63	3.77418
64	3.95644
65	3.7164
66	3.90958
67	3.72879
68	4.25218
69	4.06857
70	3.98576
71	3.97172
72	4.17733
73	3.93964
74	4.25654
75	3.90171
76	3.95498
77	3.79972
78	3.85055
79	3.68601
0	0.364032
1	0.256304
2	0.460262
3	0.322543
4	0.168855
5	0.116089
6	0.391244
7	0.2062
8	0.147416
9	0.137953
10	0.102589
11	1.59286e-05
12	0.540465
13	0.284179
14	0.496872
15	0.2449
16	0.41056
17	0.189672
18	0.606585
19	0.525574
20	0.784587
21	0.512638
22	0.833274
23	0.778532
24	1.19909
25	0.814592
26	1.45223
27	1.20873
28	1.48411
29	1.16434
30	1.70274
31	1.5964
32	2.77038
33	2.2531
34	2.57755
35	2.38493
36	2.19343
37	2.15839
38	2.89151
39	2.74444
40	3.14109
41	2.77316
42	3.47624
43	2.78242
44	3.60632
45	3.26318
46	3.75943
47	3.29679
48	4.00734
49	3.81115
50	3.71552
51	3.66604
52	3.73608
53	3.54807
54	3.53041
55	3.38184
56	3.66668
57	3.59741
58	3.78015
59	3.67598
60	3.7814
61	3.75475
62	4.06857
63	3.96182
64	4.06698
65	4.02935
66	4.01476
67	3.95013
68	4.02935
69	3.96634
70	4.04101
71	4.01827
72	4.06857
73	3.83396
74	3.8589
75	3.8428
76	4.24196
77	4.01025
78	3.99712
79	3.68942
0	0.122341
1	0.118198
2	0.426781
3	0.065421
4	0.420578
5	0.233446
6	0.343873
7	0.0315031
8	0.136837
9	0.133684
10	0.20855
11	0.0992383
12	0.284702
13	0.133504
14	0.188752
15	0.151971
16	0.102137
17	0.0851314
18	0.356845
19	0.309313
20	0.674809
21	0.484366
22	1.0903
23	0.651896
24	0.439854
25	0.295219
26	1.18947
27	0.76092
28	1.11232
29	0.974824
30	1.43766
31	1.3888
32	2.30679
33	1.551
34	2.40236
35	2.00531
36	2.27325
37	2.25872
38	2.71701
39	2.62127
40	2.85835
41	2.83604
42	3.09718
43	2.88778
44	3.64838
45	3.60728
46	3.41009
47	3.27934
48	3.65149
49	3.42388
50	3.92711
51	3.81692
52	4.05325
53	3.81864
54	4.19239
55	3.91271
56	4.05237
57	3.99856
58	4.04247
59	3.93426
60	4.16597
61	3.99276
62	3.7826
63	3.73286
64	3.88363
65	3.83994
66	3.99874
67	3.94869
68	4.12975
69	3.77418
70	3.59218
71	3.53382
72	3.90117
73	3.63325
74	4.18217
75	3.66172
76	4.2392
77	3.96182
78	3.99258
79	3.68295
0	0.125989
1	0.0627848
2	0.227302
3	0.0728747
4	0.0786912
5	0.0480316
6	0.645506
7	0.118674
8	0.186454
9	0.17688
10	0.202992
11	0.123926
12	0.654764
13	0.651912
14	0.564677
15	0.556068
16	0.889629
17	0.689635
18	1.25341
19	1.05739
20	1.75962
21	1.02041
22	2.05638
23	1.72128
24	1.88279
25	1.83841
26	2.33723
27	2.15389
28	2.11253
29	1.90606
30	2.90696
31	2.64732
32	2.85373
33	2.49356
34	3.08238
35	2.61483
36	3.25097
37	3.05503
38	3.11762
39	3.07665
40	3.79342
41	3.36572
42	3.52928
43	3.2665
44	3.86878
45	3.68712
46	3.42781
47	3.3094
48	3.9777
49	3.43652
50	3.75373
51	3.5935
52	3.6833
53	3.57551
54	4.11216
55	3.90977
56	3.47215
57	3.46347
58	3.71015
59	3.4888
60	3.85465
61	3.71552
62	3.70287
63	3.55635
64	4.19137
65	3.58923
66	3.96227
67	3.81351
68	3.37241
69	3.31443
70	4.43023
71	3.92275
72	3.9582
73	3.80302
74	3.97172
75	3.86937
76	4.20303
77	3.83074
78	4.16743
79	4.16059
0	0.0893564
1	0.0491777
2	0.814291
3	0.415098
4	0.271729
5	0.0552963
6	0.313195
7	0.281939
8	0.133699
9	0.123096
10	0.429403
11	0.317728
12	0.141127
13	0.043762
14	0.386219
15	0.32227
16	0.774797
17	0.507887
18	0.609614
19	0.542075
20	0.715361
21	0.539807
22	0.75021
23	0.704313
24	0.728033
25	0.725961
26	1.07995
27	0.884865
28	1.40767
29	1.10932
30	1.91606
31	1.22618
32	2.65596
33	2.47731
34	2.939
35	2.82427
36	3.32134
37	3.24406
38	3.04012
39	2.8497
40	3.3509
41	2.87126
42	2.93664
43	2.86649
44	3.30643
45	3.12069
46	3.63503
47	3.37719
48	3.65844
49	3.39484
50	4.15009
51	3.77531
52	3.87341
53	3.71014
54	3.7215
55	3.64598
56	3.63199
57	3.52128
58	3.48803
59	3.35841
60	3.62542
61	3.5767
62	3.9764
63	3.83919
64	3.86732
65	3.86182
66	3.69642
67	3.63869
68	3.63088
69	3.38407
70	3.59026
71	3.4796
72	3.88807
73	3.75315
74	4.0788
75	3.77985
76	3.9414
77	3.67983
78	3.88583
79	3.86732
0	0.28191
1	0.121383
2	0.424163
3	0.188654
4	0.576253
5	0.207582
6	0.989083
7	0.11333
8	0.127107
9	0.0773499
10	0.247425
11	0.112133
12	0.471263
13	0.471241
14	0.715706
15	0.615516
16	0.745609
17	0.732076
18	2.00131
19	1.56607
20	2.27504
21	1.9144
22	2.65258
23	2.39191
24	3.13777
25	2.0921
26	2.68894
27	2.68718
28	2.43549
29	2.39447
30	2.92874
31	2.87387
32	3.16747
33	2.89731
34	3.31065
35	3.0766
36	3.80449
37	3.54494
38	3.18039
39	3.06917
40	3.33639
41	2.67085
42	3.39845
43	3.19287
44	2.85637
45	2.77444
46	3.39419
47	3.1137
48	3.83348
49	3.08196
50	3.33112
51	2.77448
52	3.61533
53	3.06527
54	3.10125
55	2.66673
56	3.96182
57	3.78766
58	4.16656
59	4.07993
60	3.74192
61	3.6862
62	3.65592
63	3.40507
64	3.74453
65	3.72107
66	4.00879
67	3.96634
68	3.55818
69	3.42473
70	3.77999
71	3.68184
72	4.66339
73	4.1833
74	4.09613
75	4.06857
76	4.32799
77	4.15461
78	4.16684
79	3.88891
0	0.179074
1	0.0754113
2	0.427159
3	0.0893726
4	0.47802
5	0.458421
6	0.614082
7	0.360581
8	0.74174
9	0.458559
10	1.03915
11	0.996077
12	1.08986
13	0.981008
14	1.39066
15	1.33769
16	1.89833
17	1.83407
18	2.1383
19	2.048
20	2.67725
21	2.51249
22	2.72782
23	2.61734
24	3.05079
25	2.92526
26	3.53048
27	3.4421
28	4.02337
29	3.57095
30	4.03957
31	3.83628
32	3.25643
33	3.21967
34	3.56096
35	3.50398
36	3.6314
37	3.13923
38	3.58208
39	3.18987
40	3.87432
41	3.67598
42	3.78924
43	3.39851
44	4.04247
45	3.62583
46	3.95192
47	3.74001
48	3.90655
49	3.79342
50	3.78359
51	3.69906
52	3.74644
53	3.41892
54	3.75229
55	3.72268
56	3.9474
57	3.63051
58	3.76395
59	3.45043
60	3.51515
61	3.46704
62	3.6032
63	3.53631
64	4.06857
65	4.00973
66	4.03228
67	3.97311
68	3.96143
69	3.8628
70	4.27418
71	3.86488
72	3.93281
73	3.56634
74	3.80431
75	3.5658
76	3.86393
77	3.82583
78	4.14294
79	4.06319
0	0.407797
1	0.208967
2	0.37253
3	2.94517e-06
4	0.249265
5	0.019704
6	0.634746
7	0.498489
8	1.18373
9	0.800653
10	1.16224
11	0.625694
12	1.13736
13	0.960268
14	2.63096
15	1.78841
16	3.18192
17	2.47609
18	2.65539
19	2.43339
20	3.04862
21	2.47518
22	2.53348
23	2.36002
24	2.96296
25	2.66331
26	3.34307
27	3.25002
28	3.20663
29	3.19404
30	3.74843
31	3.72945
32	3.71744
33	3.46658
34	3.48266
35	3.10126
36	3.68476
37	3.63605
38	3.53994
39	3.25026
40	3.6763
41	3.21746
42	3.39216
43	3.34138
44	4.17679
45	3.44003
46	3.39005
47	3.31389
48	3.63558
49	3.47806
50	3.60187
51	3.41982
52	3.49514
53	3.46245
54	3.21266
55	3.18435
56	3.80216
57	3.70562
58	3.81438
59	3.64085
60	3.94331
61	3.74937
62	3.75459
63	3.69906
64	4.06857
65	3.87893
66	3.89053
67	3.75182
68	3.96036
69	3.6763
70	3.91384
71	3.60146
72	4.13858
73	3.77209
74	3.95177
75	3.6862
76	3.90104
77	3.74644
78	3.70608
79	3.50778
0	0.193987
1	0.192992
2	0.413041
3	0.182776
4	0.304345
5	0.192287
6	0.671852
7	0.500503
8	0.608655
9	0.515653
10	0.812176
11	0.710021
12	0.870218
13	0.74261
14	1.26012
15	1.18427
16	0.870607
17	0.614668
18	1.48554
19	0.882502
20	1.85041
21	1.42493
22	2.08586
23	1.97392
24	1.94394
25	1.91563
26	2.66284
27	2.05675
28	2.31696
29	2.23867
30	3.01567
31	2.89082
32	2.97266
33	2.25631
34	2.72783
35	2.59178
36	3.29537
37	3.14596
38	2.94014
39	2.71418
40	3.13012
41	2.89356
42	2.72158
43	2.7211
44	3.33385
45	3.18773
46	3.71698
47	3.19869
48	3.49379
49	2.87922
50	3.21281
51	3.18735
52	3.44078
53	3.0713
54	3.86732
55	3.58036
56	3.79342
57	3.67776
58	3.92113
59	3.16717
60	3.63869
61	3.4135
62	3.56211
63	3.22717
64	3.70511
65	3.30255
66	3.65844
67	3.55122
68	3.64988
69	3.38382
70	3.88048
71	3.32719
72	3.34362
73	3.22191
74	2.84753
75	2.8077
76	3.30782
77	3.30654
78	3.3275
79	3.16255
0	0.0497363
1	0.0215612
2	0.186206
3	0.0365727
4	0.281042
5	0.138749
6	0.0142886
7	0.0091091
8	0.0974192
9	0.0655127
10	0.53071
11	0.353037
12	1.2346
13	0.433159
14	1.31073
15	1.17408
16	1.58582
17	1.33226
18	1.75236
19	1.62193
20	1.36273
21	1.26022
22	2.18204
23	1.8488
24	1.85038
25	1.66766
26	2.49534
27	1.94974
28	2.77764
29	2.03517
30	2.88445
31	2.52069
32	3.51979
33	3.45522
34	3.3033
35	2.78674
36	3.42997
37	3.19552
38	3.29588
39	3.00783
40	2.82445
41	2.78022
42	2.83107
43	2.83101
44	3.26735
45	3.07019
46	3.83396
47	3.65182
48	3.5216
49	3.36988
50	3.44475
51	3.31196
52	3.97908
53	3.34914
54	3.8155
55	3.60771
56	3.73297
57	3.48001
58	3.17352
59	3.15321
60	3.15046
61	3.04939
62	3.58103
63	3.48151
64	4.20901
65	3.16547
66	4.05237
67	3.97172
68	3.8428
69	3.80509
70	3.83978
71	3.5955
72	4.22462
73	3.95091
74	4.17733
75	3.98806
76	3.95479
77	3.89009
78	4.09628
79	4.05237
0	0.270906
1	0.106116
2	0.625461
3	0.287708
4	0.397994
5	0.301493
6	0.599702
7	0.433767
8	0.722156
9	0.595867
10	0.812471
11	0.698209
12	0.796532
13	0.654939
14	1.14797
15	0.683369
16	1.18244
17	1.08273
18	1.84321
19	1.62043
20	2.92046
21	2.56344
22	3.01793
23	2.86691
24	3.374
25	2.73967
26	2.73041
27	2.64926
28	2.58577
29	2.34919
30	2.95141
31	2.91974
32	2.8591
33	2.69853
34	2.49353
35	2.43401
36	3.07411
37	3.03512
38	3.06499
39	3.06193
40	3.63678
41	3.48845
42	3.22904
43	2.89166
44	3.21293
45	3.001
46	3.39485
47	3.38014
48	3.57871
49	3.46885
50	3.60989
51	3.11818
52	3.69979
53	3.5675
54	3.60887
55	3.43727
56	3.9496
57	3.89029
58	3.87507
59	3.68103
60	3.88583
61	3.56152
62	3.49433
63	3.4722
64	4.19837
65	4.0468
66	3.84488
67	3.42064
68	3.97908
69	3.83978
70	4.00002
71	3.86296
72	4.11786
73	3.96358
74	4.31094
75	4.16656
76	4.16059
77	4.09016
78	3.81645
79	3.78016
0	0.238218
1	0.129149
2	0.317726
3	0.100658
4	0.221769
5	0.0522
6	0.277603
7	0.258226
8	0.26003
9	0.174111
10	0.893456
11	0.388905
12	0.388687
13	0.264043
14	0.505587
15	0.502513
16	0.381039
17	0.302252
18	1.14976
19	0.954932
20	0.43635
21	0.342125
22	0.76266
23	0.427065
24	0.483242
25	0.36381
26	1.0189
27	0.558282
28	0.877773
29	0.763817
30	0.355598
31	0.217706
32	1.22965
33	1.19194
34	1.28382
35	0.646005
36	1.77064
37	1.6933
38	1.57213
39	1.41126
40	2.03607
41	1.68945
42	2.37428
43	2.34463
44	2.17783
45	1.86572
46	1.55857
47	1.47619
48	1.63363
49	1.47474
50	2.24212
51	2.22363
52	2.88121
53	2.43288
54	2.71425
55	2.50681
56	3.33503
57	3.32209
58	3.17379
59	3.14064
60	3.42659
61	3.02408
62	3.26024
63	2.93864
64	3.72322
65	3.43807
66	3.71205
67	3.50702
68	3.602
69	3.10953
70	4.04699
71	3.52556
72	4.24196
73	3.72458
74	3.83628
75	3.72998
76	3.73011
77	3.57333
78	3.64799
79	3.57109
0	0.919414
1	0.477924
2	0.501115
3	0.30629
4	0.300476
5	0.282634
6	0.42371
7	0.396049
8	0.26529
9	0.144897
10	0.486018
11	0.392228
12	0.336866
13	0.240911
14	0.420244
15	0.196193
16	0.404066
17	0.299273
18	0.37364
19	0.259971
20	0.593017
21	0.422206
22	0.569772
23	0.467337
24	0.308878
25	0.25306
26	0.535753
27	0.448397
28	0.908425
29	0.523089
30	0.924922
31	0.621513
32	1.49559
33	1.35649
34	1.47894
35	1.41786
36	1.783
37	1.78139
38	1.94313
39	1.76468
40	2.33022
41	2.24708
42	3.19515
43	2.72254
44	2.83839
45	2.53155
46	2.88257
47	2.73007
48	3.61259
49	3.36046
50	3.80071
51	2.86796
52	3.56869
53	3.3058
54	3.35159
55	3.02098
56	3.38962
57	3.36991
58	3.21501
59	3.15442
60	3.99114
61	3.55014
62	3.91253
63	3.82914
64	4.37642
65	3.80431
66	4.2844
67	4.13158
68	3.90846
69	3.75621
70	3.80243
71	3.61669
72	3.29764
73	3.19348
74	3.65844
75	3.12154
76	3.8409
77	3.2006
78	3.91078
79	3.381
